1712
0 1 -100 100 0
0.1 1 -98 100 3.96
0.2 1 -96 100 7.84
0.3 1 -94 100 11.64
0.4 1 -92 100 15.36
0.5 1 -90 100 19
0.6 1 -88 100 22.56
0.7 1 -86 100 26.04
0.8 1 -84 100 29.44
0.9 1 -82 100 32.76
0.9 0 -82 -100 32.76
0.8 0 -84 -100 29.44
0.7 0 -86 -100 26.04
0.6 0 -88 -100 22.56
0.5 0 -90 -100 19
0.4 0 -92 -100 15.36
0.3 0 -94 -100 11.64
0.2 0 -96 -100 7.84
0.1 0 -98 -100 3.96
0 0 -100 -100 0
0 0.02 -100 -96 0
0 0.04 -100 -92 0
0 0.06 -100 -88 0
0 0.08 -100 -84 0
0 0.1 -100 -80 0
0 0.12 -100 -76 0
0 0.14 -100 -72 0
0 0.16 -100 -68 0
0 0.18 -100 -64 0
0 0.2 -100 -60 0
0 0.22 -100 -56 0
0 0.24 -100 -52 0
0 0.26 -100 -48 0
0 0.28 -100 -44 0
0 0.3 -100 -40 0
0 0.32 -100 -36 0
0 0.34 -100 -32 0
0 0.36 -100 -28 0
0 0.38 -100 -24 0
0 0.4 -100 -20 0
0 0.42 -100 -16 0
0 0.44 -100 -12 0
0 0.46 -100 -8 0
0 0.48 -100 -4 0
0 0.5 -100 1.77636e-15 0
0 0.52 -100 4 0
0 0.54 -100 8 0
0 0.56 -100 12 0
0 0.58 -100 16 0
0 0.6 -100 20 0
0 0.62 -100 24 0
0 0.64 -100 28 0
0 0.66 -100 32 0
0 0.68 -100 36 0
0 0.7 -100 40 0
0 0.72 -100 44 0
0 0.74 -100 48 0
0 0.76 -100 52 0
0 0.78 -100 56 0
0 0.8 -100 60 0
0 0.82 -100 64 0
0 0.84 -100 68 0
0 0.86 -100 72 0
0 0.88 -100 76 0
0 0.9 -100 80 0
0 0.92 -100 84 0
0 0.94 -100 88 0
0 0.96 -100 92 0
0 0.98 -100 96 0
0.962117 0.749716 -89.9964 51.4781 18.6106
0.998491 0.835097 -88.424 68.8054 21.5965
0.889391 0.947409 -85.1237 90.0212 27.4458
0.924436 0.916449 -86.5449 84.3595 24.9852
0.974354 0.940528 -83.878 88.7866 29.5097
0.924987 0.972946 -82.5256 94.6957 31.8457
0.988003 0.971665 -81.3132 94.4486 33.822
0.961731 0.963037 -82.441 92.8616 31.9519
0.947475 0.986069 -81.3833 97.195 33.7512
0.95325 0.952068 -83.4386 90.869 30.2721
0.880782 0.962266 -84.1803 92.7276 29.0667
0.952758 0.978069 -81.6548 95.6568 33.2879
0.999025 0.94742 -82.8394 90.0308 31.2434
0.925792 0.959412 -83.4553 92.2028 30.267
0.832817 0.865189 -90.2389 74.3749 18.5311
0.910623 0.931967 -85.8113 87.2124 26.2545
0.860558 0.986261 -83.1244 97.2424 30.8893
0.956374 0.995501 -80.9287 99.0752 34.5036
0.992594 0.980162 -80.7371 96.0499 34.7822
0.665245 0.958334 -88.9623 92.0045 20.8292
0.94039 0.87998 -88.0292 77.4719 22.3916
0.982592 0.860729 -87.9882 73.8162 22.4153
0.991338 0.890956 -86.652 79.6502 24.7527
0.969711 0.870738 -87.869 75.738 22.6443
0.90793 0.864491 -89.0831 74.3974 20.5476
0.983063 0.882991 -87.1609 78.1216 23.875
0.928428 0.847924 -89.1942 71.1804 20.3177
0.866476 0.876829 -89.3803 76.7257 20.0529
0.938434 0.856592 -88.8199 72.9121 20.9835
0.986405 0.849604 -88.2517 71.6439 21.9355
0.872806 0.855322 -89.8655 72.5159 19.1691
0.79679 0.827761 -91.4095 66.8385 16.3906
0.850926 0.840117 -90.4905 69.4448 18.0424
0.879511 0.846721 -89.953 70.8277 18.9983
0.914378 0.873028 -88.7155 76.0774 21.1994
0.661769 0.890228 -92.2369 78.9601 14.9673
0.860938 0.899026 -88.6417 81.0034 21.3654
0.758161 0.880287 -91.0066 77.1914 17.1852
0.884401 0.887656 -88.6987 78.8568 21.2526
0.810547 0.874966 -90.3314 76.2512 18.3807
0.812518 0.887545 -89.9189 78.7121 19.1216
0.926684 0.89566 -87.6094 80.4539 23.1383
0.736486 0.894701 -90.9358 79.9724 17.3198
0.9023 0.906577 -87.5223 82.4903 23.3041
0.752529 0.925054 -89.3652 85.8235 20.1139
0.953723 0.907941 -86.4742 82.8012 25.0895
0.986956 0.913999 -85.4684 83.9561 26.7935
0.835978 0.91848 -88.1361 84.6617 22.2594
0.880373 0.914481 -87.5113 83.9528 23.3331
0.87634 0.924744 -86.9787 85.8628 24.2583
0.827253 0.938738 -87.0352 88.4216 24.1775
0.819642 0.928796 -87.8459 86.5768 22.7698
0.76659 0.888052 -90.6539 78.7285 17.8201
0.969299 0.899308 -86.6448 81.1994 24.784
0.838881 0.707782 -91.5891 42.6095 15.7581
0.934606 0.715193 -90.4811 44.348 17.6671
0.985861 0.719162 -89.8605 45.2874 18.7203
0.967597 0.93096 -84.7214 87.0515 28.0821
0.951721 0.923106 -85.5836 85.6087 26.6209
0.924853 0.940018 -84.9418 88.6841 27.7352
0.854881 0.996288 -82.945 99.238 31.2001
0.901282 0.991328 -82.1294 98.2368 32.5413
0.856529 0.974448 -83.8366 94.9851 29.6744
0.764891 0.965235 -86.3722 93.2835 25.3533
0.767318 0.984966 -85.0666 96.9988 27.6226
0.821641 0.966953 -85.0679 93.595 27.5831
0.837371 0.95559 -85.5865 91.5091 26.6791
0.776863 0.974701 -85.4591 95.0423 26.9346
0.841075 0.946738 -86.173 89.8938 25.665
0.749888 0.949703 -87.8409 90.4197 22.7928
0.671552 0.977463 -87.45 95.5749 23.504
0.724638 0.973436 -86.6221 94.8116 24.936
0.709649 0.963754 -87.6347 93.0118 23.1648
0.748176 0.958065 -87.2577 91.9612 23.8141
0.818984 0.982352 -84.1483 96.4889 29.1702
0.795657 0.991264 -84.2488 98.2311 29.0158
0.745141 0.994114 -85.1847 98.8019 27.4333
0.702145 0.986901 -86.2979 97.3796 25.5169
0.735902 0.980695 -85.9305 96.181 26.1395
0.637523 0.988896 -87.5167 97.7754 23.4019
0.540539 0.974129 -90.4043 94.9558 18.2581
0.560653 0.988683 -89.0831 97.7388 20.6365
0.668336 0.994589 -86.7103 98.9019 24.8114
0.595385 0.99213 -88.243 98.416 22.1286
0.608399 0.979522 -88.6202 95.9718 21.4495
0.639975 0.969155 -88.689 94.0181 21.3184
0.583032 0.959895 -90.5505 92.284 17.9944
0.589841 0.971408 -89.5714 94.4417 19.7519
0.62313 0.962116 -89.5599 92.7047 19.7692
0.564698 0.9803 -89.4738 96.1234 19.9324
0.500885 0.98546 -90.4709 97.1181 18.1437
0.519719 0.992143 -89.7694 98.42 19.4119
0.376857 0.963545 -94.4819 92.9179 10.7479
0.451681 0.971967 -92.4169 94.5472 14.5887
0.491381 0.976465 -91.2635 95.4004 16.7013
0.792589 0.777404 -91.8784 56.6672 15.4405
0.922848 0.835256 -89.5461 68.6529 19.6767
0.957904 0.84067 -88.9135 69.8133 20.7801
0.966222 0.823108 -89.1425 66.3376 20.3335
0.868555 0.82796 -90.4398 67.0599 18.1035
0.909257 0.806853 -90.1729 62.9269 18.5097
0.951108 0.81355 -89.5121 64.384 19.6695
0.889308 0.817426 -90.3058 65.0011 18.31
0.788407 0.807485 -91.7242 62.7382 15.7864
0.848027 0.809991 -90.9428 63.398 17.1755
0.854902 0.791728 -91.0272 59.7296 16.9778
0.802323 0.817398 -91.4545 64.7706 16.2886
0.832554 0.800878 -91.2294 61.5196 16.6474
0.768016 0.791732 -92.0869 59.5048 15.1036
0.63719 0.82068 -93.4529 65.0208 12.6747
0.720433 0.822336 -92.4399 65.557 14.5293
0.918845 0.826818 -89.7551 66.959 19.2919
0.692288 0.851862 -92.4863 71.4091 14.487
0.783527 0.852541 -91.2274 71.7584 16.7593
0.823345 0.856973 -90.5674 72.7305 17.9386
0.7945 0.899189 -89.8017 80.9373 19.3366
0.724955 0.910684 -90.5529 83.0514 18.0068
0.821657 0.908321 -88.9266 82.7248 20.8774
0.773035 0.907589 -89.8344 82.5218 19.2826
0.713308 0.886508 -91.5395 78.3266 16.2316
0.679022 0.870035 -92.3948 75.0005 14.6704
0.709655 0.877224 -91.8143 76.4899 15.7302
0.753426 0.865441 -91.4175 74.2515 16.4354
0.734311 0.857039 -91.8408 72.5394 15.6639
0.94898 0.784586 -89.8927 58.5346 18.9172
0.995224 0.774769 -89.3849 56.6683 19.7412
0.968847 0.800278 -89.4526 61.76 19.725
0.979533 0.791477 -89.4161 60.0117 19.7543
0.916073 0.794609 -90.2203 60.4744 18.389
0.892405 0.766427 -90.7474 54.6979 17.3873
0.880818 0.80062 -90.6161 61.5947 17.7213
0.931182 0.774539 -90.2091 56.4489 18.3401
0.951451 0.765095 -90.0265 54.5835 18.6175
0.862206 0.777263 -91.0451 56.8188 16.9046
0.825461 0.784366 -91.4443 58.1623 16.2253
0.915776 0.0277012 -82.756 -94.5761 31.464
0.992375 0.031135 -81.4043 -93.9286 33.6641
0.958851 0.00626856 -80.9147 -98.7167 34.5244
0.904522 0.0137186 -82.2394 -97.2409 32.3519
0.947845 0.0503465 -83.7358 -90.4322 29.7723
0.952103 0.0369925 -82.6441 -92.8565 31.6183
0.860756 0.0396548 -84.7392 -92.3783 28.1231
0.900969 0.0356416 -83.6053 -93.111 30.0325
0.831603 0.0246717 -84.2916 -95.1545 28.9135
0.958997 0.0649047 -84.598 -87.8005 28.2984
0.971317 0.0577715 -83.8125 -89.0932 29.6232
0.913747 0.114855 -88.2896 -78.4216 21.9546
0.965801 0.129171 -87.9317 -75.7482 22.5376
0.889129 0.159861 -89.9431 -69.542 19.0003
0.979129 0.152515 -88.4222 -71.2103 21.6392
0.971223 0.140825 -88.2219 -73.4885 22.0135
0.948711 0.160701 -89.0817 -69.5198 20.4878
0.919576 0.177825 -89.82 -66.0318 19.1662
0.919312 0.168313 -89.6639 -67.9324 19.4632
0.822643 0.171731 -91.0594 -67.0059 17.0134
0.96625 0.173713 -89.0843 -66.9727 20.4435
0.812233 0.134019 -90.5333 -74.4866 18.0124
0.903715 0.146775 -89.4452 -72.1715 19.8962
0.943793 0.191428 -89.6842 -63.3641 19.3576
0.817164 0.149468 -90.7847 -71.4377 17.5433
0.990784 0.191467 -89.0335 -63.48 20.4678
0.961695 0.183485 -89.3183 -65.006 20.011
0.847896 0.187809 -90.9205 -63.8406 17.2202
0.866271 0.151857 -90.1186 -71.0787 18.7119
0.899011 0.18587 -90.2183 -64.3643 18.4527
0.888007 0.227776 -90.7634 -55.864 17.3782
0.937073 0.210694 -90.0007 -59.4584 18.749
0.96281 0.201551 -89.5572 -61.3752 19.5401
0.883062 0.20021 -90.5954 -61.4333 17.7549
0.674009 0.20772 -93.1744 -59.3826 13.1412
0.851202 0.213788 -91.1166 -58.6034 16.8057
0.888065 0.208567 -90.6116 -59.7575 17.7015
0.971007 0.374672 -90.2217 -25.9308 17.8165
0.988838 0.360299 -90.0075 -28.9299 18.203
0.962512 0.559172 -90.3403 12.2451 17.4991
0.985508 0.60811 -90.0696 22.3943 18.0205
0.96309 0.409988 -90.3275 -18.6229 17.5676
0.995918 0.704126 -89.7958 42.2245 18.7693
0.629225 0.936496 -91.0907 87.889 17.0321
0.454716 0.994198 -91.0081 98.8315 17.174
0.44 0.983561 -91.8453 96.7579 15.6391
0.384169 0.977005 -93.4701 95.5042 12.6332
0.510249 0.962487 -91.8674 92.758 15.6027
0.685084 0.804016 -92.9905 61.7785 13.4971
0.724779 0.837404 -92.2361 68.5935 14.9229
0.675084 0.902562 -91.6889 81.4024 15.9643
0.720439 0.902671 -90.9348 81.4961 17.3232
0.481611 0.906348 -94.5469 81.8202 10.6751
0.636217 0.919159 -91.7608 84.5699 15.8289
0.577571 0.9012 -93.2517 80.9689 13.1006
0.673079 0.911901 -91.4031 83.2148 16.4798
0.620249 0.907954 -92.4121 82.3674 14.6456
0.694333 0.922102 -90.5992 85.205 17.9225
0.629405 0.898391 -92.5309 80.5074 14.43
0.543139 0.916073 -93.4109 83.8385 12.799
0.650319 0.927674 -91.1415 86.2244 16.9456
0.574736 0.909544 -93.0906 82.6062 13.3963
0.784878 0.916643 -89.1976 84.2634 20.407
0.893423 0.784635 -90.6027 58.3957 17.6958
0.85695 0.00532246 -82.9333 -98.9118 31.2183
0.811361 0.012325 -84.0602 -97.5217 29.3281
0.861534 0.0178289 -83.2935 -96.4499 30.5996
0.756681 0.00558566 -84.946 -98.8626 27.8395
0.67913 0.0277584 -87.6505 -94.5918 23.1469
0.705359 0.0147771 -86.3117 -97.0535 25.4908
0.718783 0.00781654 -85.7637 -98.4184 26.442
0.768423 0.0193853 -85.2705 -96.1622 27.2678
0.727944 0.0247704 -86.4327 -95.1477 25.266
0.755676 0.0463997 -87.4357 -91.1391 23.5007
0.728073 0.0357248 -87.2121 -93.1073 23.9007
0.63111 0.0477801 -90.0983 -90.8565 18.8081
0.794005 0.0379178 -86.0005 -92.7003 25.9855
0.68974 0.0442195 -88.641 -91.5339 21.3951
0.777063 0.0286873 -85.684 -94.4085 26.544
0.825648 0.032761 -84.9631 -93.648 27.7612
0.634575 0.0355152 -89.1467 -93.1471 20.5048
0.718889 0.0697884 -89.7223 -86.7694 19.4826
0.678701 0.0359283 -88.257 -93.0708 22.0757
0.587599 0.0177513 -88.8792 -96.493 20.9932
0.721322 0.0567986 -88.8775 -89.2055 20.9749
0.626426 0.0255595 -88.5915 -95.0087 21.4953
0.644215 0.0150212 -87.566 -97.0128 23.3112
0.557372 0.0303669 -90.3804 -94.1087 18.3002
0.675935 0.0522949 -89.4928 -90.0278 19.8878
0.615876 0.065939 -91.467 -87.4137 16.353
0.636018 0.0575077 -90.62 -89.0305 17.8764
0.527886 0.0516967 -92.3897 -90.0694 14.6572
0.667967 0.0659082 -90.4832 -87.4625 18.1257
0.657684 0.0889691 -91.6959 -83.0238 15.95
0.676667 0.0779349 -90.9214 -85.1785 17.3446
0.579604 0.0570039 -91.6872 -89.0897 15.9462
0.507482 0.0731053 -93.6666 -85.9085 12.3153
0.555509 0.0669335 -92.6147 -87.1642 14.258
0.496963 0.0612518 -93.4192 -88.205 12.7648
0.579318 0.0819876 -92.766 -84.2708 13.991
0.593516 0.0735418 -92.2158 -85.9289 14.995
0.837876 0.0670727 -87.2156 -87.3546 23.8612
0.600261 0.00924185 -88.1947 -98.1437 22.2127
0.542663 0.00904111 -89.3511 -98.1853 20.1603
0.461884 0.0148548 -91.292 -97.0611 16.6521
0.532823 0.0195905 -90.127 -96.1471 18.7609
0.495047 0.00910843 -90.3153 -98.1763 18.4284
0.446553 0.00496267 -91.148 -98.9987 16.9194
0.588141 0.0398984 -90.4313 -92.3231 18.209
0.525606 0.0397158 -91.7033 -92.3442 15.904
0.569104 0.0478016 -91.35 -90.8307 16.5524
0.805984 0.093797 -89.3075 -82.3003 20.2096
0.335498 0.069138 -96.2028 -86.4622 7.49933
0.630281 0.0806331 -91.8556 -84.6024 15.6564
0.773112 0.0649958 -88.3756 -87.7045 21.8524
0.415021 0.0436917 -94.1266 -91.5398 11.4243
0.732399 0.0883489 -90.381 -83.2477 18.3134
0.42156 0.0681187 -94.9066 -86.7766 9.97909
0.803176 0.0792311 -88.6347 -85.0621 21.3939
0.806487 0.0556153 -87.0603 -89.4536 24.1404
0.467151 0.0505615 -93.4856 -90.2467 12.6297
0.46627 0.0391591 -92.8681 -92.4333 13.7635
0.412592 0.0558435 -94.6849 -89.1756 10.3871
0.490754 0.0280219 -91.6017 -94.55 16.0845
0.396862 0.0256171 -93.3905 -95.003 12.783
0.42111 0.0343976 -93.4797 -93.3287 12.6235
0.345895 0.0356569 -95.0381 -93.0591 9.69572
0.716478 0.113189 -91.4827 -78.3921 16.3342
0.72794 0.0790557 -90.0387 -85.0198 18.9221
0.467805 0.0675799 -94.1467 -86.9401 11.4123
0.804621 0.0713776 -88.1517 -86.5347 22.2392
0.777582 0.0860157 -89.4623 -83.7502 19.941
0.761607 0.0545201 -87.902 -89.6429 22.6835
0.885146 0.0573004 -85.5628 -89.1639 26.6948
0.829157 0.0470139 -85.9538 -91.0334 26.0491
0.373811 0.0623623 -95.5087 -87.8526 8.82813
0.348078 0.0492688 -95.5598 -90.4032 8.71808
0.493989 0.0203913 -90.9879 -95.9978 17.2035
0.443483 0.0233876 -92.2552 -95.4302 14.8852
0.750433 0.101782 -90.588 -80.6796 17.9422
0.846632 0.0597706 -86.5347 -88.7022 25.0376
0.38832 0.0490636 -94.8561 -90.4779 10.0558
0.173731 0.0402732 -98.0484 -92.0319 3.88363
0.76301 0.0945896 -90.1015 -82.0893 18.8093
0.701553 0.0959463 -91.2031 -81.7351 16.8415
0.618063 0.105336 -92.7925 -79.7529 13.9497
0.651357 0.0983937 -92.0999 -81.1763 15.2174
0.586738 0.094111 -92.999 -81.9081 13.567
0.670468 0.107564 -92.0493 -79.4109 15.3095
0.624791 0.129531 -93.1346 -74.9691 13.3124
0.660814 0.119559 -92.463 -77.0256 14.5515
0.815382 0.116198 -89.9937 -77.9889 18.9864
0.263314 0.0414121 -96.7307 -91.8789 6.45845
0.612805 0.0879939 -92.4083 -83.1475 14.6512
0.442175 0.112188 -95.3007 -78.0582 9.24446
0.583227 0.117173 -93.5157 -77.3413 12.6107
0.717487 0.133646 -91.9167 -74.3535 15.5364
0.812831 0.105005 -89.6479 -80.1564 19.6046
0.859613 0.111211 -89.0815 -79.0342 20.5896
0.912521 0.0962239 -87.4752 -81.9738 23.3808
0.864169 0.10103 -88.5861 -80.9976 21.4619
0.914241 0.105553 -87.8895 -80.2053 22.6569
0.997619 0.112192 -86.6852 -79.0621 24.6893
0.983662 0.098157 -86.24 -81.6922 25.4715
0.76706 0.111071 -90.6192 -78.9007 17.8824
0.312156 0.0420245 -95.9294 -91.7959 8.00334
0.71628 0.1234 -91.7298 -76.3803 15.8826
0.762777 0.129099 -91.1638 -75.3521 16.8958
0.806278 0.124924 -90.3949 -76.2644 18.2686
0.885064 0.129326 -89.2685 -75.5607 20.2377
0.864818 0.120436 -89.3193 -77.2549 20.1631
0.674063 0.128366 -92.4369 -75.3073 14.5946
0.927505 0.0823446 -86.4114 -84.586 25.2137
0.958724 0.0899643 -86.2586 -83.1965 25.4577
0.916644 0.137741 -89.0081 -73.9778 20.6725
0.862093 0.139427 -89.9039 -73.5285 19.1118
0.961361 0.0161602 -81.1953 -96.7614 34.0514
0.954971 0.0242204 -81.7396 -95.2234 33.1425
0.824696 0.16063 -90.8702 -69.2321 17.3714
0.693765 0.155704 -92.559 -69.8993 14.3456
0.75353 0.164809 -91.8879 -68.2204 15.5478
0.757232 0.153442 -91.6878 -70.5035 15.9256
0.763215 0.142306 -91.4237 -72.736 16.4151
0.69986 0.144388 -92.3342 -72.1755 14.7682
0.596353 0.147042 -93.7039 -71.4076 12.2449
0.651768 0.148697 -93.0214 -71.2029 13.5063
0.650657 0.138728 -92.9151 -73.1925 13.7107
0.615095 0.162775 -93.6045 -68.295 12.4146
0.742533 0.182864 -92.211 -64.566 14.9338
0.683652 0.168257 -92.813 -67.3574 13.865
0.768851 0.174454 -91.7984 -66.3235 15.6915
0.798059 0.182882 -91.5122 -64.7032 16.1853
0.776531 0.200047 -91.9294 -61.188 15.4035
0.801619 0.192133 -91.5556 -62.8496 16.0873
0.659921 0.160935 -93.0416 -68.7702 13.4558
0.59897 0.186597 -93.9291 -63.4661 11.7836
0.626295 0.175255 -93.5557 -65.8132 12.4903
0.491893 0.171216 -95.0557 -66.3256 9.68325
0.671735 0.185614 -93.0859 -63.8367 13.3399
0.556666 0.176432 -94.3599 -65.4162 10.9912
0.695963 0.177492 -92.7389 -65.531 13.9864
0.643193 0.19648 -93.4737 -61.5777 12.6115
0.722002 0.193245 -92.539 -62.4224 14.3219
0.722821 0.20302 -92.5893 -60.4517 14.2122
0.75325 0.220865 -92.3281 -56.9185 14.6438
0.769875 0.210654 -92.0791 -59.0273 15.1121
0.718652 0.213399 -92.6912 -58.3435 14.0073
0.61124 0.230263 -93.9318 -54.6831 11.716
0.679403 0.224411 -93.1768 -56.0213 13.1066
0.546952 0.164352 -94.4123 -67.8236 10.9046
0.474549 0.193929 -95.2989 -61.7224 9.20195
0.61 0.216153 -93.9112 -57.5304 11.7754
0.746593 0.259116 -92.5348 -49.1429 14.1879
0.572564 0.155754 -94.0622 -69.6071 11.5688
0.451149 0.138836 -95.375 -72.7424 9.09505
0.487498 0.152856 -95.0311 -70.0042 9.74347
0.557461 0.199704 -94.4328 -60.7322 10.8284
0.530231 0.187251 -94.6905 -63.1813 10.3587
0.63253 0.223299 -93.6866 -56.1379 12.1777
0.612186 0.205491 -93.8551 -59.6875 11.8948
0.749878 0.239975 -92.4435 -53.0367 14.3942
0.495503 0.162035 -94.9819 -68.1778 9.83048
0.352641 0.160005 -96.5045 -68.314 6.90724
0.422913 0.165191 -95.7799 -67.3988 8.30426
0.595345 0.194844 -94.0031 -61.7962 11.6353
0.467669 0.182091 -95.3462 -64.0897 9.12189
0.730862 0.230146 -92.6224 -54.9834 14.0961
0.673188 0.238265 -93.2845 -53.203 12.8852
0.811572 0.23167 -91.7021 -54.8753 15.7283
0.411204 0.151692 -95.8689 -70.0863 8.14056
0.346686 0.181103 -96.5908 -64.0703 6.72995
0.519123 0.261618 -94.9218 -48.1669 9.84113
0.70599 0.249046 -92.9544 -51.0934 13.4601
0.854192 0.250781 -91.2917 -51.0983 16.3916
0.835589 0.223014 -91.3693 -56.6932 16.3368
0.448045 0.157812 -95.4887 -68.9292 8.86728
0.450336 0.147261 -95.4235 -71.0512 8.9981
0.252769 0.126922 -97.4855 -74.7946 4.99804
0.406436 0.188732 -95.9938 -62.6392 7.87825
0.369626 0.17083 -96.346 -66.1703 7.20944
0.269711 0.169436 -97.3508 -66.298 5.25221
0.422368 0.175375 -95.8079 -65.3521 8.24408
0.318729 0.173059 -96.8645 -65.641 6.20134
0.264572 0.1842 -97.4079 -63.3318 5.13598
0.583172 0.247474 -94.2552 -51.1457 11.0945
0.869782 0.239204 -91.0527 -53.4941 16.8413
0.31895 0.141884 -96.8234 -71.8933 6.29281
0.363958 0.222776 -96.4454 -55.7291 6.98841
0.392019 0.181111 -96.131 -64.1448 7.61908
0.617122 0.239891 -93.8883 -52.7496 11.7809
0.644213 0.249368 -93.6185 -50.8904 12.2584
0.601914 0.261111 -94.0775 -48.426 11.4012
0.811348 0.242699 -91.7545 -52.6349 15.6067
0.769309 0.249789 -92.2575 -51.0912 14.7015
0.355009 0.149896 -96.4619 -70.3459 6.99418
0.383876 0.13915 -96.1261 -72.5517 7.64946
0.403991 0.206506 -96.0376 -59.0628 7.78211
0.674527 0.260605 -93.3159 -48.6794 12.7866
0.558251 0.255455 -94.5205 -49.4838 10.5936
0.452199 0.240508 -95.5797 -52.305 8.62766
0.51371 0.246206 -94.9654 -51.2664 9.77726
0.548833 0.235815 -94.5953 -53.4308 10.4801
0.573744 0.298846 -94.3898 -40.7401 10.777
0.976605 0.238633 -89.7375 -53.892 19.0929
0.411827 0.125519 -95.7562 -75.3346 8.36795
0.332216 0.127667 -96.6512 -74.7643 6.63292
0.425004 0.197798 -95.8159 -60.8504 8.21304
0.326979 0.196911 -96.7984 -60.8675 6.31964
0.737314 0.288308 -92.6884 -43.1871 13.851
0.567089 0.279452 -94.4483 -44.6507 10.6951
0.921424 0.235728 -90.4057 -54.3361 17.9675
0.930536 0.248662 -90.3732 -51.7259 17.9774
0.968635 0.224609 -89.7244 -56.7224 19.1695
0.415228 0.133621 -95.7574 -73.7181 8.36311
0.34387 0.135444 -96.5469 -73.2249 6.83387
0.356325 0.189822 -96.5016 -62.3355 6.89834
0.723416 0.273439 -92.815 -46.1807 13.6583
0.56334 0.269072 -94.4797 -46.7421 10.651
0.641129 0.273803 -93.6845 -45.9348 12.0968
0.933444 0.28185 -90.4849 -44.951 17.6709
0.990108 0.248378 -89.6366 -51.9413 19.2238
0.968604 0.265452 -89.9997 -48.3957 18.5471
0.964158 0.256261 -90.0059 -50.263 18.5717
0.897177 0.261186 -90.8323 -49.0856 17.1507
0.715733 0.265299 -92.8833 -47.8171 13.5537
0.638921 0.288743 -93.7208 -42.9024 12.0066
0.821301 0.261911 -91.7099 -48.7506 15.6323
0.917017 0.271447 -90.6401 -47.0392 17.4442
0.828212 0.280146 -91.6817 -45.0502 15.6314
0.881739 0.278215 -91.0715 -45.57 16.687
0.860246 0.269208 -91.2898 -47.3572 16.3397
0.876315 0.293009 -91.1718 -42.5324 16.4706
0.616879 0.281076 -93.9417 -44.4142 11.6185
0.685006 0.281658 -93.2344 -44.4304 12.8934
0.811123 0.254021 -91.7996 -50.332 15.497
0.775101 0.268288 -92.2429 -47.3437 14.6822
0.90439 0.218499 -90.4905 -57.7898 17.8798
0.970414 0.274677 -90.0201 -46.5116 18.4777
0.984595 0.321156 -89.9963 -36.9962 18.3467
0.968627 0.496621 -90.2758 -0.6995 17.5651
0.946538 0.516408 -90.5187 3.39264 17.1794
0.978932 0.507125 -90.1618 1.47611 17.747
0.878682 0.504266 -91.2539 0.878544 15.9856
0.925687 0.508459 -90.7464 1.74687 16.8109
0.864096 0.517302 -91.4098 3.55944 15.7323
0.980348 0.524935 -90.1456 5.16671 17.779
0.923189 0.541461 -90.7729 8.55952 16.7842
0.966115 0.534467 -90.3027 7.13485 17.5348
0.906546 0.52719 -90.9539 5.60791 16.4814
0.995883 0.54604 -89.9711 9.54847 18.0726
0.653252 0.50455 -93.5918 0.925367 12.0372
0.722763 0.540234 -92.8868 8.21172 13.2636
0.943192 0.550297 -90.5539 10.3964 17.1459
0.819602 0.552598 -91.8816 10.7917 14.971
0.886112 0.558556 -91.1734 12.0605 16.1478
0.765933 0.507768 -92.4412 1.58932 14.0116
0.806886 0.530925 -92.0148 6.34083 14.7346
0.877513 0.548521 -91.2662 9.98893 15.9862
0.858525 0.538022 -91.4692 7.81928 15.6443
0.792321 0.542047 -92.1675 8.61364 14.4847
0.751626 0.58446 -92.5916 17.2615 13.8026
0.826431 0.509502 -91.8091 1.95045 15.0708
0.784047 0.51946 -92.2532 3.98489 14.3307
0.852164 0.525917 -91.5369 5.32782 15.5262
0.914447 0.584368 -90.8639 17.4041 16.6879
0.803996 0.569525 -92.0457 14.2512 14.7116
0.697784 0.516727 -93.141 3.4095 12.8193
0.734038 0.528383 -92.7706 5.79617 13.4571
0.919762 0.570878 -90.808 14.6276 16.7592
0.832043 0.561521 -91.7502 12.6311 15.1978
0.606696 0.531385 -94.0595 6.36895 11.2218
0.858253 0.577134 -91.4711 15.8594 15.679
0.866935 0.568349 -91.3787 14.0612 15.8209
0.800285 0.579025 -92.0846 16.1941 14.6564
0.832345 0.595018 -91.7454 19.5049 15.2468
0.857538 0.586515 -91.4779 17.7864 15.6804
0.99191 0.578242 -90.0096 16.2193 18.0562
0.673064 0.532976 -93.3925 6.7133 12.389
0.648114 0.523396 -93.644 4.75708 11.9489
0.623038 0.549887 -93.8973 10.1312 11.5142
0.520966 0.513081 -94.9082 2.64483 9.70565
0.663879 0.542649 -93.4859 8.67813 12.2305
0.717496 0.557133 -92.9416 11.6566 13.1793
0.771639 0.561356 -92.3835 12.5546 14.1344
0.70652 0.571742 -93.0548 14.6285 12.9955
0.57706 0.520618 -94.354 4.17855 10.698
0.760942 0.550368 -92.494 10.3003 13.9387
0.624988 0.513797 -93.8759 2.80225 11.5413
0.448346 0.536307 -95.6205 7.32061 8.41406
0.523931 0.530877 -94.8797 6.2437 9.75956
0.998715 0.567819 -89.9359 14.0662 18.1565
0.942719 0.577836 -90.5556 16.0853 17.1786
0.455006 0.522286 -95.5549 4.49467 8.53229
0.523372 0.547191 -94.8862 9.54218 9.75189
0.475096 0.529582 -95.3588 5.97046 8.89129
0.563306 0.539056 -94.4913 7.91044 10.4577
0.501019 0.539021 -95.1053 7.88332 9.35369
0.971225 0.624073 -90.2202 25.6724 17.816
0.985818 0.392498 -90.0664 -22.269 18.0242
0.994886 0.383281 -89.9586 -24.1887 18.2195
0.894194 0.385141 -91.0764 -23.6585 16.3937
0.983954 0.401581 -90.0917 -20.387 17.9635
0.890112 0.400257 -91.1252 -20.5431 16.2849
0.869161 0.670755 -91.3111 35.0964 16.1324
0.907353 0.690853 -90.8555 39.2963 16.9576
0.965765 0.695007 -90.1769 40.2796 18.105
0.974621 0.679514 -90.1102 37.1128 18.1617
0.907948 0.703001 -90.8225 41.7877 17.0511
0.949203 0.707306 -90.3354 42.7661 17.8841
0.626625 0.949132 -90.3935 90.276 18.2801
0.690517 0.946864 -89.2545 89.876 20.3101
0.53699 0.944506 -92.4184 89.3488 14.608
0.743576 0.937587 -88.7981 88.1698 21.1135
0.697742 0.932449 -90.0034 87.1751 18.9829
0.57402 0.950527 -91.3565 90.5166 16.5415
0.584604 0.941411 -91.6775 88.7911 15.9652
0.544572 0.93025 -92.9213 86.607 13.6955
0.597235 0.929496 -92.0213 86.5195 15.3482
0.526982 0.953604 -92.1024 91.0787 15.1792
0.437531 0.947516 -94.1165 89.8526 11.4533
0.469881 0.95582 -93.0964 91.4749 13.3457
0.487239 0.946598 -93.2485 89.7137 13.0736
0.46287 0.932526 -94.2246 86.9549 11.2659
0.418669 0.957087 -94.0182 91.6917 11.6266
0.350006 0.94798 -95.6127 89.8647 8.61977
0.419645 0.96616 -93.4729 93.4356 12.6357
0.376245 0.954727 -94.918 91.2078 9.9344
0.303233 0.960796 -95.9829 92.3429 7.89766
0.78024 0.942142 -87.7556 89.032 22.9358
0.775566 0.931248 -88.5619 87.0052 21.5255
0.669045 0.939907 -90.1277 88.5622 18.7592
0.58488 0.920672 -92.5831 84.7965 14.3258
0.382742 0.989054 -92.6923 97.8253 14.0789
0.313422 0.984566 -94.4217 96.9583 10.8449
0.354794 0.983659 -93.6164 96.7819 12.3579
0.547558 0.965766 -90.8656 93.3821 17.4242
0.68611 0.814287 -92.9166 63.8518 13.6493
0.741812 0.813296 -92.2518 63.7905 14.853
0.743362 0.801253 -92.3202 61.366 14.7059
0.627554 0.778414 -93.7359 56.4728 12.09
0.746777 0.829379 -92.0409 67.0378 15.2624
0.669068 0.830982 -92.999 67.1691 13.5235
0.489533 0.842419 -95.0297 69.0599 9.74299
0.66478 0.842158 -92.9514 69.402 13.6251
0.578565 0.836587 -94.0416 68.0829 11.6003
0.580269 0.856515 -93.871 72.0837 11.9359
0.628478 0.836578 -93.4481 68.1965 12.7036
0.600084 0.846273 -93.7158 70.0762 12.217
0.543942 0.844957 -94.3947 69.6861 10.9456
0.635571 0.85365 -93.2031 71.6353 13.1737
0.490806 0.858322 -94.9333 72.253 9.93586
0.620842 0.865282 -93.2576 73.9261 13.0819
0.534353 0.853687 -94.4508 71.4162 10.8463
0.670214 0.860831 -92.6598 73.1485 14.1789
0.614966 0.879528 -93.13 76.7503 13.3249
0.592146 0.890195 -93.2643 78.8208 13.0784
0.499118 0.879095 -94.6706 76.4272 10.4423
0.517723 0.893826 -94.2458 79.3992 11.2455
0.555352 0.882201 -93.9036 77.16 11.887
0.550403 0.869397 -94.1206 74.5955 11.4761
0.527961 0.902526 -93.9542 81.1436 11.7915
0.405989 0.892064 -95.7103 78.8414 8.45881
0.592932 0.87244 -93.5338 75.2934 12.5735
0.492281 0.868772 -94.8445 74.3496 10.1095
0.334669 0.865967 -96.6416 73.4925 6.64997
0.415668 0.876579 -95.7 75.762 8.47667
0.458706 0.896577 -94.9993 79.8371 9.81938
0.480816 0.887965 -94.811 78.1619 10.1774
0.392752 0.908561 -95.7216 82.1105 8.43544
0.436154 0.904575 -95.1978 81.3897 9.43978
0.440158 0.917662 -94.9373 83.9946 9.93065
0.339162 0.927469 -96.2013 85.7928 7.50396
0.491495 0.915638 -94.2201 83.6743 11.287
0.381915 0.91949 -95.728 84.2684 8.41956
0.301129 0.912115 -96.8337 82.6768 6.27976
0.399408 0.931082 -95.2674 86.5903 9.29377
0.334234 0.918429 -96.3732 83.986 7.17461
0.265305 0.92524 -97.1789 85.2489 5.6025
0.437371 0.926092 -94.8026 85.6568 10.1809
0.352981 0.937452 -95.8311 87.791 8.21081
0.263557 0.943209 -97.0245 88.829 5.89803
0.395484 0.942473 -95.0287 88.8288 9.73787
0.311616 0.94294 -96.3387 88.8293 7.2291
0.289271 0.934046 -96.7918 87.0358 6.35576
0.28569 0.951817 -96.5439 90.5598 6.82566
0.155001 0.960882 -98.2867 92.2476 3.41295
0.216296 0.953961 -97.5339 90.9201 4.897
0.158253 0.935018 -98.3772 87.0826 3.23762
0.224939 0.972968 -96.9142 94.6892 6.09012
0.203634 0.942515 -97.8157 88.6257 4.34734
0.236307 0.934149 -97.4716 86.9917 5.02644
0.202537 0.964042 -97.5628 92.9125 4.83473
0.253415 0.964053 -96.7355 92.9499 6.44429
0.285207 0.974169 -95.6943 94.9446 8.436
0.141528 0.94799 -98.5265 89.6618 2.94028
0.330627 0.968843 -95.095 93.9251 9.58277
0.174292 0.953159 -98.1041 90.7223 3.77583
0.079409 0.938385 -99.2053 87.6983 1.5884
0.0780158 0.957964 -99.2061 91.6136 1.58666
0.122277 0.940284 -98.7573 88.1056 2.48167
0.0901604 0.948173 -99.0881 89.6621 1.8224
0.120377 0.955833 -98.7419 91.2135 2.51165
0.741871 0.846522 -91.8962 70.4595 15.5505
0.795563 0.8429 -91.2181 69.8655 16.7602
0.830198 0.848455 -90.6363 71.0554 17.802
0.655249 0.00488837 -86.961 -99.0068 24.3764
0.310311 0.0182163 -94.6813 -96.4212 10.3556
0.902294 0.0686553 -86.0241 -87.0941 25.8932
0.951676 0.0739732 -85.3891 -86.144 26.9538
0.893602 0.0482229 -84.7043 -90.8156 28.1614
0.624137 0.113732 -92.879 -78.1056 13.7898
0.858685 0.0874875 -88.0301 -83.5612 22.4377
0.903587 0.0883279 -87.2241 -83.4493 23.8215
0.858092 0.0772147 -87.4589 -85.4854 23.4322
0.966266 0.119514 -87.5606 -77.6136 23.1917
0.962917 0.105321 -86.9944 -80.3169 24.1829
0.761032 0.119851 -90.9655 -77.1701 17.2587
0.921319 0.12375 -88.4903 -76.7163 21.5934
0.831103 0.204254 -91.2911 -60.4792 16.5252
0.661318 0.21609 -93.3489 -57.6615 12.8081
0.530598 0.130484 -94.3682 -74.5777 11.0106
0.135521 0.174977 -98.6664 -65.052 2.6566
0.490132 0.208713 -95.1626 -58.7774 9.44641
0.35743 0.112944 -96.3158 -77.7551 7.28821
0.329371 0.210475 -96.7808 -58.1486 6.34726
0.377402 0.214135 -96.3083 -57.4859 7.25719
0.453446 0.222511 -95.5539 -55.9303 8.69241
0.357492 0.203633 -96.4998 -59.5642 6.89439
0.205237 0.203935 -97.9899 -59.3118 3.9888
0.379478 0.196761 -96.2753 -60.9798 7.33149
0.272851 0.203805 -97.3323 -59.4115 5.27751
0.235768 0.225547 -97.6951 -55.0116 4.56206
0.272842 0.19395 -97.3299 -61.3874 5.28546
0.29699 0.220629 -97.1004 -56.0674 5.72302
0.241309 0.213984 -97.6407 -57.3347 4.67167
0.31232 0.239586 -96.9541 -52.2828 5.99858
0.136779 0.218172 -98.6545 -56.4079 2.67639
0.322388 0.229724 -96.8546 -54.2751 6.19542
0.193173 0.219051 -98.1074 -56.2733 3.75494
0.157179 0.233376 -98.4562 -53.3777 3.06634
0.382588 0.236733 -96.2672 -52.9525 7.32186
0.379486 0.259711 -96.3028 -48.3291 7.23893
0.449925 0.253835 -95.6089 -49.6175 8.5607
0.430087 0.231367 -95.7947 -54.1074 8.22745
0.49042 0.232647 -95.1893 -53.9566 9.3718
0.540044 0.222252 -94.6664 -56.1493 10.3644
0.362194 0.248099 -96.4697 -50.639 6.92678
0.446673 0.267384 -95.6455 -46.8839 8.47999
0.502413 0.274642 -95.0954 -45.5103 9.50371
0.359434 0.295788 -96.4993 -41.0524 6.84359
0.502419 0.289552 -95.0997 -42.5021 9.48016
0.521564 0.282157 -94.9071 -44.0256 9.84538
0.498873 0.254016 -95.1207 -49.6645 9.47832
0.551318 0.211687 -94.528 -58.3034 10.6358
0.247961 0.258841 -97.5776 -48.3504 4.78243
0.414985 0.246862 -95.9516 -50.9653 7.91683
0.472271 0.26085 -95.3899 -48.2413 8.96668
0.357051 0.277532 -96.5225 -44.7182 6.8092
0.432843 0.280043 -95.7839 -44.3141 8.20883
0.314193 0.256184 -96.9372 -48.9537 6.02381
0.267275 0.247951 -97.391 -50.553 5.1485
0.297649 0.268951 -97.0975 -46.3728 5.70931
0.246336 0.23695 -97.5933 -52.7369 4.75801
0.173881 0.249029 -98.2939 -50.2552 3.38362
0.274671 0.230375 -97.3185 -54.0856 5.29529
0.205744 0.232169 -97.9858 -53.6567 3.99127
0.221859 0.251534 -97.8299 -49.7911 4.29248
0.389589 0.269423 -96.2055 -46.3904 7.41819
0.386209 0.286605 -96.2396 -42.9307 7.34258
0.437231 0.296493 -95.7424 -41.0076 8.27403
0.156261 0.280037 -98.4637 -44.0362 3.04625
0.451016 0.288184 -95.6067 -42.7005 8.53542
0.388626 0.331018 -96.2143 -34.0008 7.36421
0.503327 0.301587 -95.0929 -40.0747 9.48063
0.218561 0.271431 -97.8611 -45.8016 4.22716
0.393776 0.312979 -96.1656 -37.6352 7.46634
0.585576 0.331235 -94.278 -34.2029 10.9396
0.176666 0.261338 -98.2666 -47.7925 3.4356
0.253791 0.289247 -97.5202 -42.2599 4.88559
0.319107 0.286763 -96.8898 -42.8207 6.10176
0.273911 0.278982 -97.3265 -44.3365 5.26344
0.39642 0.303313 -96.1403 -39.5827 7.52004
0.45399 0.308679 -95.5789 -38.575 8.57067
0.455143 0.322583 -95.5675 -35.7744 8.58102
0.561233 0.315169 -94.5194 -37.4181 10.5203
0.509519 0.310989 -95.0328 -38.1857 9.58246
0.0897754 0.25574 -99.1122 -48.868 1.76784
0.16217 0.270551 -98.4067 -45.9386 3.15925
0.0784335 0.273896 -99.2232 -45.2321 1.54725
0.215557 0.281476 -97.8897 -43.7867 4.1694
0.399792 0.322078 -96.1067 -35.8113 7.57197
0.24839 0.321395 -97.5701 -35.8104 4.78069
0.323734 0.324055 -96.8427 -35.3375 6.17641
0.487212 0.3407 -95.2526 -32.1595 9.15019
0.140203 0.255415 -98.6204 -48.9559 2.74021
0.303484 0.308931 -97.0394 -38.3554 5.80598
0.242606 0.35625 -97.6234 -28.8191 4.67039
0.449352 0.332649 -95.6236 -33.7387 8.46915
0.516754 0.330535 -94.9622 -34.2488 9.69346
0.553122 0.323979 -94.6014 -35.6241 10.3605
0.293014 0.317231 -97.1398 -36.6804 5.61047
0.301565 0.341407 -97.0552 -31.8355 5.76466
0.332947 0.333448 -96.7529 -33.4593 6.3438
0.266684 0.33199 -97.3927 -33.6989 5.12015
0.129803 0.332659 -98.7193 -33.4913 2.53966
0.219482 0.343169 -97.848 -31.4279 4.23882
0.197723 0.329492 -98.0595 -34.156 3.83043
0.128433 0.309189 -98.7334 -38.1879 2.51351
0.175167 0.337775 -98.2777 -32.4857 3.40407
0.0922329 0.349637 -99.0866 -30.0831 1.81538
0.160191 0.348708 -98.4227 -30.2903 3.11972
0.146494 0.320886 -98.5571 -35.8542 2.85907
0.122688 0.341839 -98.7885 -31.6518 2.40308
0.064227 0.335996 -99.3623 -32.8064 1.27004
0.136849 0.371342 -98.6494 -25.7515 2.6745
0.0470163 0.34457 -99.5323 -31.0888 0.932467
0.131194 0.359556 -98.705 -28.1087 2.56625
0.265161 0.348081 -97.4061 -30.4708 5.09039
0.388449 0.362167 -96.2129 -27.7343 7.35117
0.337123 0.352657 -96.7106 -29.6041 6.4166
0.378181 0.342829 -96.3144 -31.6149 7.16955
0.199057 0.312379 -98.0475 -37.5847 3.85628
0.0739254 0.317771 -99.267 -36.454 1.45941
0.0837492 0.327074 -99.1703 -34.5952 1.65067
0.0655686 0.359482 -99.3489 -28.1086 1.29631
0.0310668 0.352899 -99.6904 -29.4214 0.617871
0.0353333 0.369955 -99.648 -26.0103 0.702209
0.0805388 0.380817 -99.2012 -23.843 1.58832
0.0877499 0.367569 -99.1304 -26.4946 1.72844
0.194276 0.364638 -98.0909 -27.1143 3.7646
0.189503 0.355959 -98.1377 -28.8506 3.67476
0.276071 0.393284 -97.297 -21.4099 5.2896
0.29566 0.372362 -97.1094 -25.6185 5.65238
0.252759 0.365741 -97.5246 -26.9219 4.85889
0.213642 0.379011 -97.9024 -24.2431 4.12829
0.31298 0.362316 -96.9429 -27.6464 5.97212
0.184611 0.298057 -98.1881 -40.4445 3.58408
0.179028 0.288662 -98.2426 -42.3225 3.47876
0.0816024 0.290732 -99.1919 -41.865 1.60891
0.0598345 0.306222 -99.4059 -38.7613 1.18403
0.036255 0.389959 -99.6388 -22.0094 0.720424
0.14762 0.407258 -98.5433 -18.5651 2.88019
0.121747 0.393509 -98.7965 -21.3113 2.385
0.0664917 0.399566 -99.3395 -20.0905 1.31442
0.0354211 0.409967 -99.6471 -18.0075 0.703968
0.10439 0.422982 -98.9662 -15.4106 2.05073
0.0908854 0.407888 -99.0991 -18.4287 1.78935
0.0555346 0.418472 -99.4477 -16.3077 1.09988
0.038715 0.429971 -99.6143 -14.0067 0.769001
0.148284 0.382343 -98.5375 -23.5527 2.89287
0.201074 0.391225 -98.0236 -21.7912 3.89216
0.171977 0.305772 -98.3102 -38.8924 3.34435
0.106659 0.299835 -98.9462 -40.0516 2.09448
0.0503215 0.297709 -99.4999 -40.4624 0.997394
0.165604 0.449712 -98.3669 -10.0691 3.2222
0.168188 0.398699 -98.343 -20.2839 3.27127
0.245879 0.408532 -97.5883 -18.339 4.72949
0.116082 0.437479 -98.8513 -12.5112 2.27615
0.231204 0.399345 -97.731 -20.1752 4.45634
0.0886234 0.430698 -99.1211 -13.8649 1.74551
0.0581635 0.438896 -99.4216 -12.2225 1.15145
0.0365325 0.44998 -99.636 -10.0046 0.725933
0.101942 0.46293 -98.9899 -7.41721 2.00349
0.054359 0.458414 -99.4592 -8.31822 1.07685
0.0390938 0.469986 -99.6105 -6.00318 0.776489
0.101146 0.451103 -98.9978 -9.78356 1.98809
0.167081 0.489981 -98.3521 -2.00611 3.25021
0.117985 0.477487 -98.8323 -4.50519 2.3128
0.0892331 0.470806 -99.1149 -5.84072 1.75738
0.579818 0.289092 -94.3245 -42.7237 10.9092
0.694672 0.309344 -93.158 -38.825 12.9782
0.768597 0.280091 -92.3384 -44.9266 14.486
0.806254 0.291048 -91.9468 -42.7764 15.1429
0.756853 0.30123 -92.4957 -40.5966 14.1619
0.690783 0.296823 -93.1891 -41.3621 12.946
0.632674 0.29844 -93.7913 -40.9251 11.8639
0.824936 0.32557 -91.7896 -35.763 15.3282
0.771947 0.314754 -92.3485 -37.87 14.3892
0.694538 0.327653 -93.1691 -35.102 12.9265
0.873842 0.310364 -91.2334 -38.9744 16.3154
0.833499 0.301295 -91.6649 -40.7435 15.6033
0.818265 0.309965 -91.8443 -38.9402 15.2726
0.717113 0.318584 -92.93 -36.9866 13.3641
0.638138 0.318183 -93.7443 -36.9305 11.9182
0.759885 0.326894 -92.4861 -35.371 14.1244
0.743067 0.356167 -92.6752 -29.3722 13.7418
0.807127 0.342563 -91.9943 -32.2549 14.9398
0.799006 0.333524 -92.075 -34.0884 14.8207
0.887697 0.336337 -91.1148 -33.6773 16.4442
0.634935 0.308309 -93.7731 -38.9278 11.8813
0.637489 0.327538 -93.7536 -35.0316 11.8878
0.654839 0.345255 -93.5807 -31.4612 12.1707
0.666336 0.335926 -93.4617 -33.3741 12.3956
0.730249 0.343074 -92.8047 -32.0215 13.5393
0.731113 0.334257 -92.7922 -33.8197 13.5769
0.58283 0.307374 -94.301 -39.0295 10.9278
0.700012 0.350464 -93.1195 -30.4692 12.9766
0.593092 0.367485 -94.2036 -26.8689 11.0331
0.672233 0.363252 -93.4056 -27.8281 12.4557
0.770917 0.348832 -92.3813 -30.9129 14.2628
0.862895 0.363334 -91.4064 -28.0925 15.8901
0.807409 0.357659 -91.9989 -29.167 14.9008
0.761998 0.373876 -92.4816 -25.7848 14.0467
0.808193 0.367555 -91.9942 -27.1433 14.89
0.829162 0.379132 -91.7746 -24.8018 15.2401
0.611933 0.355456 -94.0151 -29.3312 11.3838
0.73021 0.36559 -92.8106 -27.4316 13.4919
0.664117 0.380461 -93.4885 -24.3186 12.2883
0.704422 0.373881 -93.0772 -25.7073 13.0164
0.827105 0.392076 -91.7993 -22.1457 15.1764
0.890352 0.373833 -91.1135 -25.9789 16.3559
0.929277 0.365111 -90.6805 -27.8354 17.0914
0.919473 0.350348 -90.7771 -30.8574 16.97
0.861931 0.353444 -91.4111 -30.1208 15.9044
0.57693 0.343931 -94.3652 -31.62 10.7673
0.53696 0.338411 -94.7625 -32.6838 10.0516
0.508632 0.357374 -95.0411 -28.8179 9.52539
0.645496 0.371523 -93.6771 -26.1128 11.9662
0.723877 0.423198 -92.8773 -15.674 13.3055
0.862217 0.344339 -91.4015 -31.9887 15.942
0.616132 0.338305 -93.9717 -32.8149 11.4825
0.562811 0.359737 -94.5055 -28.4024 10.4974
0.793691 0.409225 -92.1535 -18.5942 14.5545
0.83097 0.401734 -91.7596 -20.1699 15.2278
0.945622 0.293116 -90.3784 -42.6712 17.8108
0.912444 0.30204 -90.783 -40.7647 17.1017
0.941346 0.312285 -90.4754 -38.7265 17.5839
0.897896 0.322297 -90.9839 -36.5789 16.7026
0.870347 0.328777 -91.2975 -35.1944 16.1565
0.829657 0.4722 -91.7752 -5.7075 15.1324
0.986537 0.593351 -90.0648 19.3415 17.9961
0.708004 0.507554 -93.0367 1.54067 12.9973
0.739765 0.487292 -92.7113 -2.59611 13.5541
0.700876 0.496491 -93.1093 -0.715518 12.8723
0.767451 0.497048 -92.4254 -0.60386 14.0379
0.566416 0.475039 -94.4598 -5.05632 10.5106
0.829401 0.486622 -91.7778 -2.74646 15.1235
0.607902 0.48994 -94.0467 -2.04161 11.2406
0.647011 0.495919 -93.6546 -0.829651 11.9277
0.576195 0.501621 -94.3622 0.328579 10.6817
0.641605 0.563138 -93.712 12.8331 11.8465
0.691325 0.564056 -93.2092 13.0514 12.7229
0.664918 0.555293 -93.4763 11.2517 12.2537
0.561913 0.559133 -94.5067 11.976 10.4376
0.570804 0.55078 -94.4179 10.2883 10.5927
0.343677 0.570009 -96.6399 14.0694 6.5277
0.536481 0.594424 -94.7618 19.1019 9.99825
0.446463 0.561303 -95.6407 12.3596 8.38291
0.607819 0.580432 -94.0522 16.3218 11.2581
0.501642 0.556634 -95.1006 11.4416 9.36738
0.441176 0.548796 -95.6912 9.83627 8.28675
0.646367 0.572873 -93.6649 14.8147 11.9354
0.578235 0.570163 -94.3459 14.2196 10.73
0.678484 0.583489 -93.341 16.9992 12.5094
0.504956 0.568579 -95.0691 13.8565 9.4288
0.236851 0.539498 -97.6737 7.91789 4.56086
0.363737 0.55596 -96.4445 11.2526 6.8915
0.622398 0.594142 -93.9076 19.1162 11.5244
0.426187 0.575347 -95.8395 15.1804 8.02092
0.413102 0.555403 -95.9651 11.1574 7.78326
0.578921 0.588337 -94.3409 17.9027 10.7499
0.506327 0.581978 -95.0571 16.5643 9.45667
0.555373 0.578164 -94.5733 15.8253 10.3277
0.581749 0.631795 -94.3167 26.7099 10.8294
0.47667 0.575377 -95.347 15.2135 8.92574
0.414112 0.595121 -95.959 19.1563 7.80662
0.580708 0.612391 -94.3256 22.778 10.7957
0.474604 0.591219 -95.369 18.4092 8.89256
0.425247 0.585314 -95.8496 17.1877 8.00555
0.477435 0.60687 -95.3431 21.5694 8.94796
0.316529 0.587195 -96.9041 17.5104 6.03287
0.372506 0.588831 -96.3621 17.8666 7.05323
0.353963 0.579589 -96.541 15.9992 6.71556
0.327018 0.603549 -96.804 20.8002 6.22605
0.580011 0.602002 -94.3315 20.6724 10.7767
0.53379 0.607347 -94.7898 21.7131 9.95611
0.49987 0.622658 -95.1252 24.7762 9.35667
0.511256 0.522032 -95.0039 4.4528 9.53392
0.86754 0.61386 -91.3653 23.4166 15.9125
0.92727 0.393036 -90.7175 -22.0778 16.9676
0.959344 0.652728 -90.3272 31.5639 17.7199
0.950724 0.666451 -90.4065 34.3737 17.6308
0.891822 0.658829 -91.0742 32.6928 16.4994
0.921874 0.675149 -90.7191 36.1036 17.1384
0.865066 0.637701 -91.3824 28.3085 15.9326
0.699547 0.6564 -93.1227 31.8656 12.9819
0.898092 0.647543 -91.0153 30.3856 16.5689
0.967327 0.638546 -90.2522 28.6539 17.8023
0.796086 0.650389 -92.1156 30.7949 14.7176
0.844285 0.64601 -91.6023 29.9786 15.5809
0.783848 0.637394 -92.2499 28.119 14.4629
0.81881 0.661933 -91.8662 33.1952 15.1684
0.827404 0.625792 -91.792 25.8086 15.2199
0.730162 0.645567 -92.8089 29.7062 13.5127
0.846733 0.65456 -91.5704 31.7353 15.6542
0.759845 0.658811 -92.4944 32.4545 14.0817
0.68659 0.684234 -93.2457 37.5049 12.8113
0.759904 0.674263 -92.4851 35.6069 14.1284
0.899958 0.627171 -91.0081 26.1998 16.5327
0.73593 0.610238 -92.7537 22.5085 13.5556
0.65794 0.606113 -93.5506 21.5823 12.1646
0.688382 0.62956 -93.2413 26.3871 12.7345
0.633339 0.645054 -93.7995 29.4631 11.7691
0.812954 0.671078 -91.9219 35.0547 15.0937
0.815845 0.686719 -91.8747 38.2573 15.2119
0.86911 0.68103 -91.2988 37.2017 16.1805
0.91739 0.635382 -90.8116 27.9173 16.8765
0.923527 0.617886 -90.7541 24.3239 16.9308
0.797701 0.615547 -92.109 23.6697 14.6657
0.825079 0.605701 -91.8211 21.6875 15.1361
0.73798 0.621532 -92.7318 24.8153 13.609
0.667126 0.618058 -93.458 24.021 12.3403
0.744886 0.630718 -92.659 26.6991 13.7485
0.72007 0.597011 -92.9171 19.793 13.2576
0.778325 0.599573 -92.3138 20.3782 14.2942
0.680759 0.648503 -93.3173 30.2305 12.6276
0.631758 0.626146 -93.8156 25.6228 11.7182
0.641954 0.635556 -93.7128 27.5462 11.9114
0.694463 0.63862 -93.1783 28.2394 12.8574
0.675158 0.59222 -93.3754 18.7733 12.4575
0.504865 0.937208 -93.3418 87.9143 12.9101
0.254253 0.991648 -95.1953 98.3387 9.37796
0.293292 0.992123 -94.3645 98.43 10.9525
0.270992 0.982982 -95.4229 96.6522 8.94674
0.194919 0.986083 -96.8056 97.2525 6.28949
0.155934 0.975038 -98.0483 95.0663 3.87641
0.215897 0.992417 -95.9454 98.4912 7.94449
0.709632 0.781725 -92.8156 57.3352 13.7728
0.701331 0.792962 -92.8598 59.5868 13.7148
0.657586 0.786733 -93.3803 58.223 12.7555
0.508351 0.7973 -94.9621 60.0249 9.83099
0.577487 0.789686 -94.2459 58.6368 11.1635
0.428136 0.762285 -95.8176 52.8269 8.17876
0.588155 0.806185 -94.0788 61.9873 11.4959
0.634518 0.811128 -93.5362 63.0908 12.5077
0.488031 0.778431 -95.2018 56.1841 9.3595
0.626156 0.7968 -93.6926 60.182 12.1981
0.560886 0.79852 -94.4008 60.3817 10.886
0.51962 0.787076 -94.8634 57.9882 10.006
0.55804 0.776805 -94.48 55.9963 10.711
0.625123 0.745538 -93.8277 49.8188 11.8685
0.514577 0.764164 -94.9468 53.3594 9.82367
0.519649 0.772205 -94.8855 54.9906 9.94773
0.662945 0.881312 -92.4146 77.2024 14.6404
0.398647 0.851469 -95.995 70.6972 7.89894
0.32599 0.883439 -96.6844 76.9787 6.57036
0.436179 0.884585 -95.4014 77.4021 9.0513
0.502015 0.925161 -93.8092 85.5619 12.0506
0.158475 0.907364 -98.4168 81.5504 3.15861
0.0349774 0.930067 -99.6517 86.0176 0.696397
0.0843681 0.916368 -99.1614 83.2967 1.67581
0.0904039 0.92743 -99.0979 85.513 1.80261
0.149197 0.920509 -98.4995 84.1721 2.99473
0.205287 0.924462 -97.885 85.0201 4.21305
0.0457372 0.921356 -99.5451 84.2782 0.909472
0.0336352 0.909867 -99.6653 81.9771 0.669152
0.0932675 0.903401 -99.0749 80.7077 1.84798
0.126028 0.913337 -98.7436 82.7178 2.5088
0.133078 0.928363 -98.6589 85.7296 2.67772
0.173507 0.87881 -98.2833 75.8499 3.42162
0.148174 0.892823 -98.5304 78.6311 2.93201
0.134275 0.900643 -98.6665 80.1843 2.66181
0.0453698 0.970049 -99.5403 94.0171 0.919091
0.0405039 0.961652 -99.5938 92.3363 0.812265
0.0309126 0.950047 -99.6916 90.0128 0.616747
0.0721207 0.985193 -99.1511 97.0533 1.69391
0.105086 0.968923 -98.8636 93.8195 2.26816
0.0410281 0.941912 -99.591 88.3883 0.817839
0.0421245 0.979006 -99.5661 95.8075 0.867469
0.110509 0.978914 -98.681 95.8157 2.62761
0.117899 0.989615 -98.1776 97.9412 3.61378
0.34702 0.0257164 -94.4298 -94.9795 10.8354
0.978556 0.216286 -89.5144 -58.438 19.5577
0.574824 0.126187 -93.7552 -75.5289 12.1618
0.580495 0.136714 -93.8022 -73.439 12.0688
0.521976 0.142548 -94.5716 -72.1444 10.6207
0.493581 0.135399 -94.8595 -73.517 10.0792
0.532685 0.1508 -94.5 -70.5128 10.7504
0.475812 0.122934 -94.9786 -75.9754 9.85727
0.528359 0.119451 -94.2807 -76.7763 11.1789
0.532563 0.104512 -94.0144 -79.7571 11.6801
0.456041 0.130185 -95.2689 -74.4853 9.30139
0.574613 0.101889 -93.3624 -80.3539 12.896
0.207879 0.17599 -97.961 -64.9118 4.05121
0.179653 0.155292 -98.2333 -69.0287 3.51663
0.165678 0.189783 -98.3734 -62.111 3.23509
0.221215 0.190175 -97.8332 -62.0842 4.29983
0.175326 0.166402 -98.2775 -66.8003 3.42775
0.228384 0.161564 -97.7559 -67.8241 4.45824
0.0915283 0.159624 -99.0958 -68.0979 1.8043
0.289389 0.158773 -97.147 -68.4628 5.6548
0.140076 0.160316 -98.6212 -67.9895 2.74746
0.120919 0.147912 -98.8077 -70.4583 2.37792
0.169312 0.181196 -98.3376 -63.8331 3.30698
0.049838 0.149135 -99.5053 -70.18 0.988237
0.196828 0.13936 -98.0592 -72.236 3.86341
0.242025 0.149184 -97.6145 -70.3208 4.73945
0.0455614 0.157613 -99.5475 -68.4831 0.903959
0.0403432 0.169899 -99.599 -66.0245 0.801048
0.169326 0.146611 -98.333 -70.757 3.32042
0.293022 0.149641 -97.1012 -70.2988 5.74737
0.258892 0.138337 -97.4359 -72.516 5.09322
0.291996 0.132162 -97.0873 -73.8004 5.77924
0.0723664 0.181431 -99.2837 -63.7272 1.4296
0.0934841 0.169113 -99.0767 -66.2005 1.84186
0.0298045 0.189925 -99.7033 -62.0172 0.592834
0.0978328 0.202315 -99.0341 -59.5599 1.92504
0.0513244 0.198198 -99.4905 -60.3668 1.01714
0.0374894 0.209908 -99.6271 -58.0217 0.744686
0.0689594 0.22046 -99.3168 -55.9187 1.36261
0.0947101 0.211916 -99.0646 -57.6376 1.86418
0.150342 0.208047 -98.5227 -58.4434 2.93778
0.16034 0.19897 -98.4255 -60.2676 3.13088
0.0316823 0.229926 -99.6846 -54.017 0.629974
0.0848883 0.241207 -99.1603 -51.7737 1.67298
0.11163 0.227176 -98.8992 -54.5922 2.19143
0.507614 0.200672 -94.9658 -60.4317 9.82614
0.293324 0.11694 -97.0412 -76.8518 5.87263
0.277897 0.0914726 -97.1246 -81.9262 5.71085
0.303052 0.103974 -96.8925 -79.4624 6.16513
0.160118 0.105871 -98.4097 -78.9032 3.17204
0.396473 0.090996 -95.6678 -82.205 8.53875
0.219454 0.114382 -97.8127 -77.2634 4.35433
0.338506 0.0946784 -96.4302 -81.3765 7.06638
0.261678 0.109238 -97.3617 -78.3483 5.24429
0.131561 0.12422 -98.7005 -75.2069 2.59263
0.388479 0.102752 -95.8831 -79.8464 8.12595
0.344742 0.0819587 -96.2417 -83.9242 7.42957
0.192704 0.124377 -98.0928 -75.2316 3.79887
0.162072 0.115947 -98.3952 -76.8884 3.20003
0.162087 0.132064 -98.4008 -73.6624 3.18748
0.215719 0.131742 -97.8665 -73.7827 4.24566
0.0780929 0.111223 -99.2264 -77.7741 1.54549
0.0769418 0.135112 -99.2385 -72.9948 1.52074
0.40522 0.0793265 -95.3846 -84.5383 9.07689
0.269916 0.076501 -97.1347 -84.9074 5.68937
0.0448844 0.140945 -99.5542 -71.8168 0.890756
0.482527 0.0883575 -94.4374 -82.8702 10.8797
0.380618 0.0715291 -95.5999 -86.0486 8.66043
0.312936 0.0759169 -96.5904 -85.0824 6.75118
0.435424 0.0865196 -95.0779 -83.1583 9.66539
0.460293 0.0776756 -94.5401 -84.9464 10.68
0.451296 0.0989276 -95.0412 -80.719 9.73897
0.537942 0.0881283 -93.6016 -83.0053 12.4466
0.514721 0.0957498 -94.1126 -81.4616 11.4939
0.48318 0.106843 -94.7192 -79.2012 10.3516
0.366826 0.12171 -96.2497 -76.0162 7.41502
0.443097 0.213233 -95.6496 -57.7786 8.51837
0.49536 0.217534 -95.1216 -57.011 9.51492
0.0322554 0.249927 -99.6789 -50.0167 0.641312
0.110697 0.265263 -98.9075 -46.9707 2.17268
0.0538658 0.263453 -99.4651 -47.315 1.06697
0.024511 0.271502 -99.7557 -45.7007 0.488018
0.294508 0.297982 -97.1268 -40.5444 5.64217
0.239543 0.298089 -97.6571 -40.4758 4.61785
0.50564 0.319785 -95.0717 -36.4046 9.50225
0.275586 0.382561 -97.3025 -23.5607 5.28118
0.436359 0.387739 -95.7445 -22.6243 8.21139
0.360358 0.381395 -96.4828 -23.846 6.83632
0.363143 0.395784 -96.4544 -20.955 6.885
0.431171 0.374033 -95.7967 -25.3818 8.12179
0.35802 0.371129 -96.5066 -25.908 6.79535
0.386086 0.38848 -96.2328 -22.4388 7.30269
0.409116 0.381113 -96.0102 -23.9381 7.72126
0.526641 0.380034 -94.8616 -24.2577 9.83489
0.519699 0.368667 -94.9312 -26.5484 9.71714
0.595361 0.379165 -94.1803 -24.5045 11.0634
0.459293 0.364372 -95.5237 -27.3545 8.63281
0.483752 0.374933 -95.2834 -25.2473 9.06844
0.575731 0.407479 -94.3731 -18.7477 10.6954
0.620383 0.394005 -93.9288 -21.5202 11.4971
0.565699 0.388394 -94.4746 -22.6043 10.5277
0.500717 0.389807 -95.1154 -22.2596 9.36628
0.450539 0.403967 -95.6045 -19.3639 8.46234
0.541159 0.398309 -94.7164 -20.5755 10.0848
0.460623 0.39547 -95.5071 -21.0845 8.64563
0.511194 0.407543 -95.0105 -18.6851 9.54677
0.421884 0.432201 -95.8807 -13.6577 7.94253
0.45249 0.418524 -95.5838 -16.4299 8.49419
0.10262 0.282166 -98.9861 -43.5855 2.01653
0.190746 0.419781 -98.1228 -16.0679 3.69756
0.36205 0.494243 -96.459 -1.1577 6.85941
0.0738079 0.490773 -99.2669 -1.84582 1.45734
0.27903 0.469723 -97.2643 -6.07481 5.34223
0.971568 0.336894 -90.1744 -33.7266 18.0022
0.930073 0.3302 -90.6348 -35.021 17.2627
0.929147 0.341907 -90.6604 -32.6118 17.1863
0.9769 0.351134 -90.1329 -30.8003 18.0261
0.524575 0.34816 -94.8846 -30.6979 9.81932
0.877768 0.414635 -91.261 -17.5711 16.0377
0.972333 0.302904 -90.0948 -40.7241 18.2486
0.936033 0.471414 -90.6333 -5.90627 17.0006
0.947609 0.484176 -90.5069 -3.27205 17.1981
0.978392 0.476966 -90.1674 -4.77219 17.7433
0.885018 0.47909 -91.1859 -4.30699 16.1005
0.898793 0.492958 -91.0378 -1.45188 16.3386
0.910294 0.597136 -90.9064 20.0309 16.6398
0.881292 0.605009 -91.2193 21.6154 16.1386
0.958479 0.600756 -90.375 20.8376 17.5119
0.930299 0.60902 -90.6834 22.5057 17.0276
0.782274 0.479372 -92.2717 -4.22378 14.2999
0.690057 0.456038 -93.2207 -8.95711 12.6909
0.685556 0.472866 -93.2656 -5.52757 12.6068
0.727311 0.478653 -92.8394 -4.35791 13.3375
0.756316 0.466426 -92.5412 -6.8646 13.8493
0.664778 0.483536 -93.4757 -3.35049 12.2404
0.627254 0.475762 -93.8535 -4.92336 11.5824
0.60302 0.461285 -94.0966 -7.85535 11.1585
0.869905 0.443774 -91.3475 -11.5696 15.8595
0.703006 0.464564 -93.0885 -7.22488 12.9152
0.829493 0.457225 -91.7771 -8.78141 15.1376
0.806919 0.464702 -92.0145 -7.23722 14.7372
0.832187 0.497014 -91.7483 -0.613003 15.171
0.573734 0.510505 -94.3868 2.1287 10.6386
0.336742 0.527895 -96.7049 5.60498 6.39977
0.365653 0.54139 -96.425 8.32322 6.92552
0.414627 0.542108 -95.9494 8.48054 7.80966
0.390882 0.564373 -96.1817 12.9547 7.38344
0.244712 0.558933 -97.598 11.8157 4.70726
0.164923 0.59807 -98.3747 19.636 3.20933
0.400235 0.607489 -96.0951 21.6372 7.55821
0.297962 0.637624 -97.088 27.6242 5.69571
0.441355 0.616592 -95.6964 23.5012 8.30264
0.340028 0.621759 -96.6799 24.4661 6.46586
0.417156 0.633258 -95.9338 26.8381 7.87061
0.385244 0.616319 -96.2415 23.4035 7.28827
0.447157 0.625604 -95.6409 25.3224 8.41009
0.498579 0.636348 -95.1393 27.5392 9.34067
0.531029 0.629538 -94.8193 26.1975 9.91922
0.405189 0.670685 -96.0538 34.3608 7.66715
0.432453 0.652134 -95.787 30.6542 8.15466
0.447037 0.642187 -95.644 28.6647 8.41435
0.368284 0.643488 -96.4088 28.8547 6.98542
0.354974 0.633566 -96.5366 26.8496 6.74061
0.267622 0.661578 -97.3831 32.4097 5.13692
0.351387 0.657577 -96.5738 31.6723 6.67997
0.383036 0.651265 -96.2668 30.4316 7.25633
0.307159 0.648873 -97.0003 29.8886 5.86644
0.177564 0.646047 -98.2537 29.2472 3.44919
0.244735 0.644544 -97.6029 28.9795 4.7101
0.194155 0.625206 -98.0916 25.08 3.76216
0.218744 0.654425 -97.855 30.9454 4.22489
0.203322 0.636006 -98.0032 27.2473 3.93486
0.113418 0.661502 -98.8792 32.3174 2.22475
0.255413 0.629332 -97.4985 25.9354 4.90796
0.097676 0.632876 -99.0329 26.5857 1.92083
0.159548 0.655368 -98.4292 31.106 3.10754
0.0930414 0.646742 -99.0786 29.3589 1.83105
0.190394 0.669442 -98.1304 33.9386 3.69217
0.258218 0.614021 -97.4703 22.8665 4.95935
0.153582 0.631624 -98.4863 26.3503 2.99386
0.113471 0.618237 -98.8778 23.66 2.22579
0.309172 0.628982 -96.9789 25.8967 5.90116
0.0570241 0.63943 -99.4333 27.8898 1.12902
0.0353262 0.629189 -99.6481 25.8391 0.70207
0.0576088 0.620542 -99.4274 24.1117 1.14051
0.0667059 0.60748 -99.3374 21.5 1.31859
0.133282 0.640265 -98.6846 28.0735 2.60625
0.134013 0.607802 -98.6766 21.5764 2.62023
0.173452 0.61565 -98.2923 23.1587 3.37107
0.0795182 0.59282 -99.211 18.5689 1.56851
0.101422 0.600822 -98.9957 20.173 1.99334
0.209619 0.606356 -97.9406 21.3096 4.0526
0.267858 0.60448 -97.3763 20.9574 5.13761
0.0507734 0.599621 -99.4949 19.9263 1.00639
0.961111 0.426062 -90.3534 -15.298 17.4986
0.998774 0.631411 -89.9027 27.2337 18.3487
0.677606 0.670176 -93.3444 34.6322 12.6129
0.75162 0.684933 -92.5647 37.767 14.0116
0.707277 0.705732 -93.0137 41.9138 13.2627
0.769727 0.697509 -92.3593 40.3658 14.3974
0.705415 0.694733 -93.043 39.6739 13.1896
0.523828 0.698493 -94.8897 40.122 9.85637
0.617234 0.701042 -93.9493 40.7922 11.5775
0.667976 0.700579 -93.4284 40.791 12.5142
0.771618 0.708572 -92.3243 42.6244 14.4842
0.702864 0.727582 -93.0332 46.3436 13.2714
0.722421 0.716667 -92.8406 44.1677 13.5921
0.62015 0.718009 -93.9088 44.2349 11.6767
0.818819 0.72685 -91.7696 46.4548 15.4979
0.672116 0.72032 -93.3675 44.8056 12.6584
0.62429 0.731519 -93.8537 46.9792 11.7983
0.807167 0.716823 -91.9218 44.3839 15.2065
0.760707 0.724262 -92.4161 45.7953 14.3594
0.871644 0.719634 -91.1929 45.1065 16.4726
0.927622 0.728211 -90.5168 46.9957 17.6521
0.760742 0.741386 -92.3778 49.2776 14.4674
0.776617 0.732726 -92.2239 47.5535 14.7182
0.852599 0.740812 -91.3432 49.3819 16.2773
0.835734 0.696961 -91.6431 40.392 15.6361
0.434646 0.727222 -95.7651 45.7795 8.25014
0.677539 0.738174 -93.2859 48.4385 12.8385
0.532643 0.725943 -94.7927 45.6797 10.0664
0.586563 0.725228 -94.2474 45.633 11.0701
0.231043 0.981334 -96.3614 96.3289 7.15022
0.191906 0.977993 -97.3128 95.6653 5.31187
0.757318 0.783644 -92.2586 57.8416 14.7784
0.4997 0.821358 -94.9947 64.8486 9.79248
0.699322 0.761382 -93.0003 53.1918 13.3986
0.690148 0.749729 -93.1289 50.8091 13.1436
0.607261 0.763372 -93.9865 53.388 11.6055
0.598782 0.771737 -94.06 55.0599 11.4826
0.658507 0.769337 -93.4244 54.7079 12.6447
0.650227 0.756837 -93.5428 52.1597 12.407
0.455288 0.850789 -95.3765 70.6698 9.08692
0.378786 0.883986 -96.086 77.1776 7.73314
0.361974 0.87454 -96.3188 75.2567 7.28007
0.404971 0.8641 -95.8822 73.242 8.12187
0.453143 0.864141 -95.3364 73.3429 9.17017
0.36602 0.858651 -96.3253 72.0791 7.26254
0.276764 0.840085 -97.2746 68.216 5.40446
0.290798 0.854209 -97.1193 71.0672 5.71285
0.243518 0.897529 -97.5407 79.6784 4.89243
0.0870023 0.881417 -99.139 76.3062 1.71964
0.0242604 0.99001 -99.7451 98.0041 0.509606
0.0629761 0.994851 -98.9977 98.9753 1.99503
0.160761 0.994329 -96.9767 98.8707 5.95511
0.153473 0.984125 -97.7615 96.8631 4.43221
0.138665 0.242033 -98.6357 -51.6334 2.71127
0.076684 0.232999 -99.2409 -53.4129 1.51331
0.0897484 0.0929182 -99.1093 -81.442 1.77946
0.124997 0.138529 -98.767 -72.3387 2.45944
0.0661414 0.123149 -99.3445 -75.3833 1.3095
0.0210248 0.129948 -99.7905 -74.0117 0.418877
0.258105 0.0589004 -97.1258 -88.403 5.70145
0.296817 0.0519428 -96.4566 -89.8267 6.99743
0.305629 0.0613004 -96.5018 -87.981 6.91646
0.339708 0.0570672 -95.912 -88.8589 8.05094
0.247372 0.307432 -97.581 -38.609 4.76315
0.325782 0.388757 -96.8166 -22.3448 6.20413
0.309954 0.403473 -96.9684 -19.3812 5.91291
0.325651 0.421941 -96.8151 -15.6796 6.19926
0.379773 0.407521 -96.292 -18.6042 7.18541
0.299226 0.413116 -97.0715 -17.4405 5.71538
0.257568 0.421843 -97.4743 -15.674 4.94622
0.207796 0.434641 -97.9566 -13.0951 4.01803
0.425893 0.411317 -95.8437 -17.8668 8.01775
0.388601 0.419807 -96.2052 -16.1372 7.34378
0.35001 0.414297 -96.5798 -17.2263 6.64413
0.679532 0.407913 -93.3309 -18.7502 12.5348
0.579813 0.433796 -94.3298 -13.4182 10.7565
0.544345 0.420743 -94.6825 -16.0391 10.1323
0.195093 0.411161 -98.0809 -17.7957 3.77947
0.140252 0.416146 -98.6151 -16.7845 2.73956
0.428259 0.506556 -95.8154 1.32096 8.05305
0.107122 0.510011 -98.9389 2.00316 2.10354
0.119071 0.486135 -98.8217 -2.77461 2.33368
0.0609016 0.481098 -99.3945 -3.78096 1.20512
0.188043 0.467951 -98.1479 -6.41919 3.6465
0.911264 0.40811 -90.8971 -18.951 16.6459
0.809317 0.42281 -91.9897 -15.8263 14.8138
0.827591 0.415283 -91.7966 -17.387 15.1468
0.765172 0.417047 -92.4511 -16.9662 14.0404
0.769981 0.438422 -92.4007 -12.5987 14.1054
0.88299 0.427226 -91.2061 -14.9851 16.1106
0.767968 0.429171 -92.4219 -14.4893 14.0777
0.829192 0.43353 -91.7803 -13.6445 15.1526
0.928436 0.436641 -90.7142 -13.0835 16.9017
0.956675 0.45232 -90.4059 -9.86405 17.3811
0.988379 0.434864 -90.052 -13.5005 17.9677
0.923518 0.445335 -90.7686 -11.2852 16.8035
0.892724 0.454581 -91.1027 -9.35927 16.2512
0.936147 0.461576 -90.6317 -7.93922 17.0099
0.881125 0.466437 -91.2276 -6.91154 16.0384
0.44164 0.458217 -95.6863 -8.42282 8.29444
0.760157 0.455109 -92.5019 -9.18005 13.9219
0.804812 0.447411 -92.037 -10.7807 14.711
0.719893 0.44603 -92.9169 -11.0128 13.2197
0.699614 0.434492 -93.1249 -13.353 12.8697
0.63174 0.445324 -93.8104 -11.1084 11.6692
0.641347 0.424828 -93.7156 -15.2785 11.848
0.676888 0.441732 -93.3554 -11.8638 12.4657
0.677249 0.417379 -93.3535 -16.8214 12.4869
0.615053 0.415508 -93.9803 -17.1512 11.3883
0.588697 0.425391 -94.2423 -15.1273 10.9169
0.63885 0.43437 -93.7399 -13.3377 11.7991
0.402377 0.528694 -96.0678 5.77673 7.58851
0.388053 0.516797 -96.2067 3.3801 7.3299
0.354056 0.506145 -96.5365 1.23539 6.71438
0.259182 0.498467 -97.4564 -0.307477 4.97537
0.315482 0.499448 -96.9106 -0.110832 6.01143
0.302973 0.537344 -97.0325 7.49698 5.78264
0.28278 0.548773 -97.2286 9.7867 5.4116
0.304591 0.557867 -97.0177 11.6174 5.81279
0.558966 0.643522 -94.5439 29.0574 10.4312
0.499635 0.649447 -95.13 30.1852 9.36783
0.484757 0.663949 -95.2769 33.0946 9.10908
0.582997 0.659646 -94.3045 32.3526 10.881
0.551103 0.652413 -94.6222 30.8467 10.2979
0.327316 0.669847 -96.8076 34.1161 6.24099
0.368415 0.665241 -96.4098 33.2284 6.9936
0.258375 0.673389 -97.4734 34.7717 4.96622
0.354137 0.697645 -96.5504 39.7269 6.7431
0.169086 0.697528 -98.3383 39.5515 3.28957
0.360581 0.683208 -96.4871 36.8322 6.85601
0.197927 0.683868 -98.0582 36.8323 3.83481
0.364119 0.675143 -96.4522 35.2147 6.91811
0.306742 0.679092 -97.007 35.9542 5.86366
0.0589497 0.655743 -99.4143 31.153 1.16674
0.316606 0.612976 -96.9055 22.6876 6.03616
0.166219 0.576436 -98.3615 15.3047 3.23388
0.987552 0.418162 -90.0573 -16.9597 17.9863
0.710053 0.67663 -93.0063 35.9999 13.221
0.7297 0.666651 -92.8065 34.002 13.5534
0.586331 0.685426 -94.2677 37.5775 10.9791
0.559104 0.710042 -94.5338 42.5127 10.5245
0.610842 0.70959 -94.0099 42.5125 11.4805
0.568066 0.701976 -94.4466 40.8968 10.6741
0.460437 0.711295 -95.5142 42.6092 8.70831
0.508469 0.707127 -95.0405 41.8413 9.58671
0.50819 0.717013 -95.0407 43.8361 9.59671
0.557707 0.71845 -94.5441 44.21 10.5162
0.957976 0.738309 -90.1098 49.1372 18.3761
0.903511 0.736705 -90.7666 48.6708 17.2559
0.805865 0.757015 -91.8187 52.5632 15.4931
0.746309 0.754084 -92.5023 51.8226 14.2757
0.487694 0.74488 -95.2334 49.4223 9.26606
0.520058 0.832061 -94.7329 67.0438 10.2972
0.574708 0.825152 -94.1489 65.7755 11.3879
0.584848 0.815717 -94.0777 63.8997 11.5098
0.61767 0.828537 -93.6333 66.5554 12.3513
0.737383 0.770833 -92.545 55.1979 14.2371
0.795243 0.767177 -91.8979 54.5998 15.3799
0.843618 0.769489 -91.3173 55.1926 16.4066
0.559611 0.753164 -94.4977 51.2272 10.6471
0.560596 0.761362 -94.4774 52.8846 10.6955
0.557783 0.740794 -94.5286 48.7252 10.5737
0.500927 0.754533 -95.0941 51.392 9.53733
0.508023 0.73528 -95.035 47.5215 9.62685
0.339905 0.845116 -96.6278 69.3203 6.66955
0.33506 0.853102 -96.6646 70.914 6.601
0.411932 0.836272 -95.8928 67.6717 8.08802
0.465583 0.833926 -95.325 67.305 9.17471
0.386324 0.843481 -96.1467 69.0719 7.602
0.338888 0.831029 -96.6571 66.4926 6.60674
0.142111 0.852329 -98.6001 70.5218 2.7903
0.245035 0.868632 -97.5697 73.8938 4.83133
0.190032 0.899052 -98.1004 79.9189 3.78613
0.209939 0.888036 -97.9078 77.7361 4.16661
0.269417 0.887439 -97.2866 77.6937 5.39151
0.228579 0.878403 -97.7273 75.8298 4.52209
0.285565 0.876078 -97.1395 75.4417 5.67865
0.133557 0.884191 -98.679 76.8916 2.63596
0.0482747 0.870119 -99.5207 74.0307 0.957719
0.0445167 0.878494 -99.5578 75.7048 0.883758
0.0332614 0.890077 -99.6691 78.0188 0.661481
0.121301 0.869545 -98.8025 73.9518 2.38941
0.0727665 0.857362 -99.2796 71.4875 1.43854
0.0494239 0.899001 -99.5091 79.8079 0.981181
0.182873 0.86747 -98.195 73.5891 3.59554
0.221545 0.856768 -97.8153 71.4883 4.3448
0.14533 0.86147 -98.5673 72.3539 2.85625
0.0837054 0.865251 -99.172 73.0705 1.65325
0.0804828 0.842746 -99.204 68.5669 1.58887
0.0264941 0.850066 -99.7362 70.0152 0.527321
0.261408 0.860776 -97.4113 72.3417 5.14147
0.248899 0.848415 -97.5474 69.8485 4.87099
0.179556 0.835599 -98.2359 67.2048 3.51036
0.2245 0.840257 -97.7935 68.1844 4.38451
0.250487 0.823373 -97.5437 64.8322 4.87188
0.178211 0.845206 -98.2474 69.127 3.48889
0.132336 0.840275 -98.6968 68.1022 2.59751
0.106289 0.821964 -98.9516 64.4218 2.09022
0.092721 0.832332 -99.0842 66.4892 1.82708
0.142249 0.828929 -98.6006 65.8386 2.78731
0.196115 0.826064 -98.0755 65.3113 3.82563
0.0508851 0.825125 -99.495 65.0318 1.00862
0.186066 0.800642 -98.1758 60.211 3.62378
0.0414731 0.834348 -99.5879 66.8742 0.823345
0.20563 0.813164 -97.9845 62.7371 4.00269
0.0976197 0.850427 -99.0359 70.1119 1.92382
0.350233 0.8017 -96.5686 60.6237 6.76423
0.134053 0.809937 -98.681 62.0318 2.62633
0.28525 0.810469 -97.2066 62.2897 5.52787
0.159034 0.818751 -98.4376 63.8141 3.1091
0.093565 0.793984 -99.0758 58.8175 1.84209
0.0583468 0.811526 -99.4214 62.3137 1.15505
0.249039 0.815403 -97.5604 63.2332 4.83704
0.238165 0.804837 -97.6689 61.1031 4.62141
0.274169 0.779836 -97.3223 56.1327 5.29145
0.241766 0.791744 -97.6357 58.4832 4.68305
0.132214 0.800544 -98.699 60.1508 2.58997
0.290224 0.798617 -97.1618 59.9193 5.61087
0.343055 0.787542 -96.647 57.7702 6.6052
0.160242 0.778033 -98.4266 55.6638 3.12599
0.155702 0.789648 -98.4707 57.9857 3.04034
0.204068 0.784371 -98.0018 56.9684 3.96318
0.290699 0.788407 -97.1599 57.872 5.61085
0.107939 0.102633 -98.9303 -79.5096 2.13618
0.0542949 0.100698 -99.461 -79.8697 1.07739
0.181084 0.0849084 -98.1716 -83.1192 3.64571
0.149393 0.0944374 -98.511 -81.1816 2.9713
0.217981 0.0982755 -97.8042 -80.4859 4.37266
0.205178 0.106295 -97.9502 -78.8655 4.08312
0.263283 0.0994384 -97.3184 -80.312 5.33027
0.228189 0.0888531 -97.6724 -82.3839 4.63327
0.157484 0.428475 -98.4465 -14.3197 3.068
0.167446 0.440764 -98.3491 -11.8609 3.25714
0.289694 0.449715 -97.1617 -10.0917 5.53893
0.229415 0.444923 -97.7463 -11.0393 4.42238
0.225922 0.457244 -97.7798 -8.56924 4.35711
0.236178 0.46529 -97.6801 -6.95796 4.5483
0.628042 0.403381 -93.8512 -19.624 11.6261
0.716164 0.393605 -92.9573 -21.7019 13.1991
0.768086 0.399708 -92.4206 -20.5137 14.1133
0.734049 0.383419 -92.7728 -23.8003 13.5312
0.736969 0.407484 -92.7432 -18.8928 13.552
0.770848 0.390516 -92.3912 -22.3958 14.1761
0.501769 0.415836 -95.1021 -17.003 9.37601
0.490417 0.428518 -95.212 -14.435 9.17035
0.484749 0.44417 -95.2661 -11.2718 9.06634
0.468133 0.43615 -95.4294 -12.8831 8.77104
0.46493 0.513385 -95.4577 2.70052 8.70915
0.498287 0.501057 -95.1309 0.213458 9.30287
0.435776 0.4947 -95.7422 -1.0681 8.18777
0.511024 0.48659 -95.006 -2.71013 9.52932
0.403183 0.476303 -96.0598 -4.77077 7.60284
0.53909 0.494615 -94.7295 -1.08958 10.0264
0.400836 0.486365 -96.0824 -2.74493 7.56032
0.45627 0.481669 -95.5424 -3.69719 8.5547
0.325132 0.480862 -96.8172 -3.84428 6.18789
0.29345 0.489791 -97.1242 -2.04906 5.60751
0.465764 0.46967 -95.4501 -6.11928 8.72488
0.230218 0.489383 -97.7376 -2.12806 4.43717
0.194889 0.479393 -98.0812 -4.12785 3.77543
0.260039 0.480007 -97.4483 -4.0098 4.99128
0.346104 0.470533 -96.6142 -5.92233 6.57021
0.402711 0.466164 -96.0648 -6.81195 7.59475
0.317111 0.460177 -96.8956 -7.99748 6.04166
0.373796 0.450122 -96.3465 -10.0325 7.07344
0.417751 0.442569 -95.92 -11.5677 7.86709
0.335511 0.436476 -96.7185 -12.7633 6.37853
0.445449 0.449766 -95.6497 -10.1276 8.36344
0.270893 0.436896 -97.3444 -12.659 5.19253
0.291248 0.42874 -97.1477 -14.3016 5.56806
0.507329 0.476632 -95.0426 -4.7221 9.4643
0.521929 0.460209 -94.8999 -8.04543 9.72515
0.37119 0.458942 -96.3713 -8.25784 7.02583
0.367848 0.428624 -96.4057 -14.354 6.9671
0.332629 0.44491 -96.7459 -11.0679 6.32559
0.559653 0.46642 -94.5272 -6.80036 10.3922
0.567235 0.450927 -94.4531 -9.94106 10.5292
0.580633 0.442506 -94.3209 -11.6536 10.7683
0.513355 0.451584 -94.9848 -9.78579 9.57423
0.123188 0.498917 -98.7813 -0.216755 2.41279
0.0619777 0.500611 -99.3838 0.122204 1.22619
0.192254 0.507377 -98.1067 1.47763 3.72583
0.0273379 0.510002 -99.7273 2.00046 0.544108
0.158452 0.459422 -98.4365 -8.12405 3.08641
0.636058 0.454187 -93.7664 -9.30968 11.7422
0.336114 0.548584 -96.7118 9.76176 6.38889
0.427732 0.661752 -95.8339 32.5866 8.07338
0.6445 0.661539 -93.6847 32.8254 11.9954
0.622352 0.653643 -93.9098 31.1906 11.5831
0.440618 0.691343 -95.7096 38.562 8.32621
0.459384 0.701054 -95.5256 40.544 8.67827
0.39791 0.706501 -96.1259 41.5589 7.55359
0.406247 0.697935 -96.0448 39.8458 7.70117
0.260558 0.718024 -97.4552 43.7237 5.0134
0.405087 0.717453 -96.0555 43.7714 7.69394
0.321212 0.709627 -96.8693 42.0982 6.13949
0.333792 0.729816 -96.7478 46.1662 6.38165
0.381767 0.725645 -96.2822 45.3881 7.26916
0.333031 0.719617 -96.7553 44.1172 6.36254
0.393241 0.739497 -96.1686 48.1892 7.49431
0.450549 0.737407 -95.6058 47.8549 8.55883
0.26153 0.697922 -97.4447 39.6936 5.02802
0.308076 0.701415 -96.9957 40.4363 5.89358
0.261871 0.707975 -97.442 41.7098 5.03603
0.175165 0.712745 -98.2801 42.6019 3.40555
0.104992 0.677916 -98.962 35.5993 2.06224
0.141281 0.587208 -98.6051 17.456 2.75922
0.228867 0.588312 -97.753 17.7005 4.41252
0.22922 0.597619 -97.7501 19.566 4.41926
0.286403 0.595411 -97.1962 19.1463 5.47976
0.0824435 0.577461 -99.182 15.4966 1.62544
0.0486543 0.584956 -99.5158 16.9929 0.964753
0.115885 0.559512 -98.8532 11.9091 2.27236
0.0307789 0.570022 -99.6932 14.005 0.612213
0.0883481 0.56796 -99.1238 13.5964 1.74017
0.638355 0.69115 -93.7384 38.8242 11.9429
0.634293 0.678195 -93.7846 36.1894 11.8407
0.602842 0.669372 -94.1046 34.3514 11.2535
0.542489 0.667395 -94.7076 33.865 10.1576
0.48431 0.678558 -95.2817 36.0416 9.11267
0.561967 0.676581 -94.5132 35.7503 10.522
0.66392 0.711429 -93.4619 42.9853 12.473
0.8064 0.747236 -91.849 50.5762 15.4139
0.408359 0.820262 -95.961 64.4498 7.94709
0.4513 0.825227 -95.5022 65.5285 8.83003
0.0918184 0.891993 -99.0907 78.4246 1.81624
0.28504 0.830611 -97.1985 66.3282 5.55056
0.315944 0.820447 -96.8974 64.3341 6.1347
0.361847 0.8233 -96.4329 64.9788 7.03802
0.366269 0.812288 -96.3999 62.7753 7.09626
0.444602 0.807053 -95.6081 61.8619 8.61383
0.0565149 0.80155 -99.4394 60.3178 1.11906
0.35394 0.771889 -96.5457 54.6427 6.79225
0.667248 0.389391 -93.4565 -22.5063 12.3344
0.564956 0.484091 -94.4739 -3.22245 10.484
0.200098 0.497906 -98.0304 -0.419482 3.87337
0.169144 0.525078 -98.332 5.02154 3.28931
0.274791 0.512536 -97.3051 2.51504 5.26392
0.326549 0.51803 -96.8035 3.62177 6.21375
0.30722 0.690026 -97.0033 38.1494 5.87485
0.257338 0.68466 -97.4842 37.0309 4.94813
0.216098 0.692612 -97.883 38.5953 4.17731
0.20745 0.704754 -97.9673 41.0221 4.01549
0.0886034 0.706045 -99.1231 41.2222 1.74495
0.163182 0.740304 -98.3973 48.1124 3.1791
0.160214 0.677136 -98.4236 35.4644 3.12048
0.0531052 0.668879 -99.4722 33.7797 1.0521
0.0515311 0.677723 -99.4878 35.5485 1.02118
0.0443917 0.690078 -99.5584 38.0187 0.880779
0.0539958 0.699014 -99.4636 39.8076 1.06955
0.108808 0.692859 -98.925 38.5905 2.13594
0.26696 0.575992 -97.3832 15.2429 5.1201
0.280227 0.566628 -97.2542 13.3686 5.36491
0.21379 0.568672 -97.8985 13.7603 4.1304
0.180374 0.559735 -98.2232 11.9631 3.50181
0.207826 0.549564 -97.9558 9.93048 4.01852
0.147175 0.567496 -98.5471 13.5113 2.87172
0.148494 0.538963 -98.5338 7.79973 2.89688
0.270872 0.584022 -97.3458 16.8551 5.19265
0.217165 0.579648 -97.8661 15.9606 4.19368
0.457124 0.671285 -95.5479 34.5408 8.61284
0.422168 0.680741 -95.8893 36.4042 7.98207
0.502355 0.68863 -95.1036 38.0987 9.45132
0.512595 0.809362 -94.8897 62.4622 9.97984
0.537489 0.81616 -94.6005 63.8835 10.5316
0.426086 0.7923 -95.816 58.8612 8.20532
0.467686 0.786758 -95.3996 57.8222 8.99339
0.415274 0.778376 -95.9362 56.0423 7.96529
0.45294 0.770942 -95.5645 54.6115 8.66658
0.366651 0.780035 -96.4176 56.2978 7.04337
0.33498 0.754449 -96.7345 51.1142 6.4194
0.157711 0.515444 -98.4435 3.09198 3.07233
0.220522 0.518497 -97.8319 3.70684 4.25615
0.23007 0.528967 -97.7393 5.80611 4.43445
0.281801 0.524308 -97.2373 4.87752 5.39325
0.242501 0.506208 -97.6183 1.24463 4.66586
0.142775 0.705455 -98.5942 41.1251 2.78839
0.0274539 0.710054 -99.7264 42.0121 0.546333
0.0964295 0.722345 -99.0467 44.4858 1.89675
0.0732205 0.714433 -99.2743 42.896 1.44564
0.192686 0.72682 -98.1111 45.432 3.73846
0.0773275 0.528853 -99.2322 5.77203 1.52593
0.10296 0.519879 -98.9798 3.97754 2.02317
0.0513569 0.517686 -99.4889 3.5376 1.01791
0.14148 0.549629 -98.6025 9.93404 2.76305
0.0752386 0.543085 -99.2529 8.61903 1.48521
0.101136 0.536068 -98.9978 7.21667 1.98791
0.0465019 0.53585 -99.5371 7.17063 0.922445
0.0244241 0.550012 -99.7564 10.0026 0.486359
0.0576116 0.557929 -99.4271 11.5874 1.14064
0.0899071 0.551244 -99.1084 10.2523 1.77044
0.376122 0.794071 -96.316 59.1324 7.24755
0.458666 0.798686 -95.476 60.2057 8.8589
0.369864 0.762307 -96.3924 52.7407 7.08133
0.32043 0.742179 -96.8769 48.6325 6.1394
0.258792 0.734014 -97.4729 46.9282 4.98391
0.23716 0.751573 -97.6821 50.4276 4.58172
0.284924 0.72608 -97.2204 45.3627 5.47031
0.206798 0.735368 -97.975 47.1545 4.00612
0.289658 0.749688 -97.1746 50.1037 5.56753
0.278944 0.765407 -97.2775 53.2446 5.37369
0.0410413 0.730087 -99.5918 46.0206 0.814747
0.0815132 0.742338 -99.1932 48.4807 1.60724
0.100157 0.732595 -99.0105 46.538 1.96898
0.14054 0.727081 -98.6166 45.4526 2.74611
0.21021 0.718865 -97.9413 43.8511 4.06871
0.303878 0.772838 -97.0344 54.7653 5.84831
0.192628 0.764309 -98.1127 52.9403 3.74164
0.221537 0.773938 -97.8329 54.8945 4.29225
0.0324046 0.750072 -99.6774 50.0165 0.644261
0.0959295 0.762744 -99.0523 52.5684 1.8874
0.0912521 0.752495 -99.0979 50.516 1.79656
0.0507729 0.758373 -99.4958 51.68 1.00624
0.0379785 0.77009 -99.6222 54.0212 0.754334
0.147857 0.756947 -98.5464 51.4347 2.88735
0.137374 0.748145 -98.648 49.6668 2.68611
0.0745537 0.781451 -99.2619 56.3028 1.47186
0.122329 0.78343 -98.7951 56.7201 2.3983
0.237934 0.760283 -97.6746 52.1739 4.5986
0.141442 0.768755 -98.609 53.7943 2.7651
0.0911289 0.772489 -99.0994 54.5161 1.79438
0.396832 0.0127242 -92.506 -97.4778 14.4231
0.355754 0.0165059 -93.6072 -96.7503 12.375
0.350887 0.00530392 -93.0827 -98.9354 13.3554
0.312595 0.00911008 -94.0333 -98.1878 11.5761
0.253252 0.00639824 -95.1098 -98.7232 9.5408
0.185361 0.0199953 -97.3443 -96.0596 5.24892
0.208398 0.0107411 -96.3068 -97.8738 7.25059
0.152028 0.00620466 -97.1915 -98.7658 5.5382
0.24955 0.0215822 -96.1614 -95.7637 7.53714
0.286634 0.031121 -95.9442 -93.9151 7.96329
0.0883165 0.0185016 -98.9683 -96.3221 2.05755
0.270576 0.0145561 -95.2605 -97.1298 9.255
0.21496 0.0313779 -97.2455 -93.8278 5.45051
0.109795 0.00983233 -98.3105 -98.0499 3.35259
0.0508591 0.00683688 -99.3154 -98.6379 1.36551
0.136824 0.0185582 -98.1839 -96.3282 3.60621
0.1147 0.0319595 -98.7485 -93.6489 2.4968
0.218448 0.040381 -97.4094 -92.0466 5.13738
0.198515 0.0525744 -97.8425 -89.6008 4.29334
0.164063 0.0299198 -98.0312 -94.0861 3.91281
0.243285 0.0497176 -97.2064 -90.2142 5.5394
0.096053 0.0529107 -99.0271 -89.4489 1.94401
0.194579 0.0687115 -97.9815 -86.3732 4.02171
0.146341 0.049295 -98.4601 -90.2084 3.0717
0.104776 0.0423917 -98.9139 -91.5579 2.16916
0.141609 0.0616063 -98.5518 -87.7431 2.89052
0.0553665 0.0346671 -99.4388 -93.0774 1.12208
0.214748 0.0609691 -97.7025 -87.9421 4.57108
0.0690246 0.0673955 -99.3119 -86.537 1.37557
0.134757 0.0748094 -98.6448 -85.0963 2.70567
0.124954 0.0850235 -98.7535 -83.045 2.48896
0.0631589 0.0816585 -99.3723 -83.6814 1.25474
0.0308671 0.0906948 -99.6928 -81.8641 0.614279
0.0484661 0.0461919 -99.5148 -90.7699 0.970241
0.0481986 0.056441 -99.5191 -88.7199 0.961546
0.0777788 0.0270969 -99.1754 -94.6007 1.64734
0.0987417 0.0613625 -99.0067 -87.76 1.98462
0.177981 0.0764325 -98.1885 -84.8117 3.6122
0.0363436 0.0740232 -99.6382 -85.1998 0.723346
0.0429333 0.0164792 -99.5472 -96.7105 0.905171
0.0905736 0.0749349 -99.097 -85.04 1.8044
0.224497 0.079503 -97.6827 -84.2497 4.61271
0.33784 0.899331 -96.4767 80.1782 6.97633
0.310152 0.892136 -96.8283 78.6948 6.29054
0.345062 0.908139 -96.3294 81.9494 7.26169
0.384446 0.900078 -95.9096 80.4045 8.07473
0.287322 0.902715 -97.0426 80.7772 5.87166
0.227649 0.911048 -97.6785 82.3635 4.62113
0.189901 0.916312 -98.0753 83.3728 3.83661
0.238697 0.918967 -97.5273 83.9612 4.91895
0.43976 0.350949 -95.7156 -30.0406 8.2857
0.432839 0.341983 -95.7838 -31.8398 8.16436
0.389551 0.35353 -96.2032 -29.4729 7.37356
0.102694 0.191195 -98.9867 -61.7871 2.01976
0.0210914 0.109953 -99.7898 -78.0108 0.420232
0.883631 0.753292 -90.9265 52.0025 17.0357
0.852736 0.760725 -91.2556 53.4357 16.4886
0.930424 0.757152 -90.3405 52.9106 18.054
0.914616 0.745524 -90.5955 50.499 17.5781
0.0316758 0.790077 -99.6847 58.0178 0.629844
0.42342 0.750303 -95.8694 50.4082 8.07089
0.372174 0.747872 -96.373 49.8431 7.10958
